[
(-1.9987191665652923e-05, 7.4257316961999715e-06, -5.963329752864052e-05, 1.0),
(-4.448750352084173e-06, -2.0462763994754567e-05, -0.00011327390341922712, 1.0),
(0.5602390745444978, 0.1233016000712599, -0.2944269900052916, 1.0),
(-0.007105110437049089, -0.0299199732083546, 0.013587141277468406, -1.0),
(0.5977253243818623, 0.5835849676725076, -0.15243331007097272, 1.0),
(0.6061282486151818, 0.6153037957345369, -0.12817464399827028, 1.0),
(-0.8115789203127406, -0.29027066560411185, -0.6390723981116366, -1.0),
(-0.523398125713765, -0.0769594426796445, -0.3662130964399104, 1.0),
(0.09265234484494655, 0.029541306185348226, 0.042703341219876734, -1.0),
(-0.007186995398064999, -0.030264523984596448, 0.01374752926881262, -1.0),
(0.12960974282645488, 0.035429806507032424, 0.059743457829656954, -1.0),
(5.7663788723591545e-05, 0.0009877392747417238, -0.001315891976684462, 1.0),
(1.303822252268842e-05, -2.3041672310593494e-05, -3.6117757740362216e-05, -1.0),
(-1.1263084423604752, -0.39961619786671854, -0.8765081072136098, -1.0),
(0.01203149639179557, 0.6108096834734411, 0.33647968032246567, -1.0),
(0.21177191266659356, -0.1438709542292429, 0.12663529596975298, -1.0),
(0.10465759514803885, 0.033327863535252966, 0.04824590053351674, -1.0),
(0.42536215505409203, 0.6727344934137669, 0.4771521655719546, 1.0),
(0.3700170225285948, -0.7238779663125072, -0.5184094965985864, 1.0),
(0.20302085425638605, 0.16285949068669758, 0.18991575393268345, 1.0),
(-0.16021526710055412, 0.2843655240921521, 0.1528219013538603, -1.0),
(-0.004463675969990977, 0.051151800888232124, -0.0014570862306615973, -1.0),
(-0.015851420160698293, 0.18591217598207344, -0.005031982915395139, -1.0),
(-1.3711578904240535e-06, -7.461505974815433e-06, -2.4852874963880115e-05, -1.0),
(-0.00855961075222339, -0.03605522371253245, 0.01637218022852438, -1.0),
(-2.078922710221573e-05, 0.0006936085179257562, -0.0010475609568584912, 1.0),
(0.011730824997052358, 0.5980858499856367, 0.3294096276824128, -1.0),
(1.1246112524624436, -0.6365581164240837, 0.15260717413276836, 1.0),
(-0.006472909709642427, -0.027279153966023095, 0.012396255931973021, -1.0),
(-0.20916330219039736, 0.08920744998586017, 0.1720077702374354, 1.0),
(-0.012489277504374618, -0.05262179429327807, 0.023903468070279987, -1.0),
(0.12455371369517287, 0.03756941670015079, 0.057287195335074426, -1.0),
(0.10644136407329352, 0.03387830878041842, 0.049062433677221406, -1.0),
(0.8230890060055316, 0.18118678182748482, -0.43255945531917916, 1.0),
(3.9186909389193805e-05, -0.00022336996991008037, -0.0006525929988019791, 1.0),
(0.1947290453732924, -0.13237306722800746, 0.11643937003075067, -1.0),
(-5.035414016679816e-05, -0.0002349182126606137, -0.00028527986221032163, 1.0),
(0.1924825102009038, -0.130808165369956, 0.11510664404050885, -1.0),
(0.26779456996261075, 0.42571491187482735, 0.3007461189196974, 1.0),
(0.7138725160649813, 0.494048525676515, -0.7251114650354822, -1.0),
(0.0009248664671287071, -0.00037620706832641043, -0.001299020803035858, 1.0),
(0.5259947952201074, 0.4601867085195792, -0.1700929678158083, 1.0),
(0.1975752002242137, -0.1343029620683689, 0.11814135537968617, -1.0),
(-0.5309448880911738, -0.1884973511571708, -0.41567379430649254, -1.0),
(-0.29063659865346914, -0.5085897302558351, 0.2750759552564954, 1.0),
(2.8806221358283324, 4.736135773727881, -4.115536118211907, 1.0),
(0.2854089329198217, 0.4536097812798623, 0.32050889371250335, 1.0),
(-0.15114366629500076, -0.5637432522113279, -0.47636897798430056, 1.0),
(-0.00010632316466392504, 2.6870031048826804e-07, 6.804643254651552e-05, -1.0),
(0.04595227005394609, 1.2538738009773738, -0.8493768210503134, -1.0),
(0.05479609176667766, -1.0035811658812506, -0.7808978358501797, 1.0),
(0.10498314522100749, 0.03304255620584673, 0.04831907721439288, -1.0),
(0.0111416632155108, -0.10515789255615715, 0.059125028784213995, -1.0),
(-8.761889004015158e-07, 2.7205003643775583e-05, -2.808134212412298e-05, 1.0),
(0.00012657737507728792, 1.5617051843482737e-05, -0.00037702687493246234, 1.0),
(2.7254401600359732e-05, 1.3848169692064227e-06, -6.489963298497714e-05, -1.0),
(-0.12149860856280625, 1.1572804831605765, -0.9347423793996086, -1.0),
(-0.42548902641080844, 0.06750002593263105, -0.25387222591921343, 1.0),
(-0.3633527532507017, -0.10096264481779471, 0.15472089450727466, -1.0),
(-0.037835975307173086, -0.3376122945809428, -0.024437359482263776, -1.0),
(0.19312280763703704, -0.1312698057231101, 0.11548704452000846, -1.0),
(-0.00019838455600355506, 5.562629544866426e-05, -0.0003108510167410469, 1.0),
(-0.0039769383074680364, 0.04564934745768845, -0.001299606638675302, -1.0),
(0.2125089081205651, 0.3162571760293176, 0.2342429604075278, 1.0),
(0.19761249138506187, -0.1343210039058551, 0.11816593314291968, -1.0),
(-0.0006954942266797562, -1.5849326553241767e-05, 0.00032936846140353, 1.0),
(0.1984564315256172, -0.13491826525159567, 0.11867821257220434, -1.0),
(0.00016824072505272625, 0.00030970970699550904, -0.00047796888534912263, 1.0),
(-0.16750822542395127, 0.07133836325998733, 0.137756253888921, 1.0),
(-0.007254644793889431, -0.030523820750703035, 0.0138670681564117, -1.0),
(-0.0001418294206627091, -5.0753109659780124e-05, -0.0006536342661525724, 1.0),
(0.1997549248942505, 0.15998533408992444, 0.18684270427297633, 1.0),
(-0.00019176950288070718, -2.92130867006582e-06, 8.721925192637335e-05, 1.0),
(-0.00011124445458726706, 2.3538832739443784e-07, 7.096579286404274e-05, -1.0),
(-0.005129179477089407, 0.058876476638336506, -0.0016739087056732993, -1.0),
(0.00044514592518904786, 0.00012382289653123726, -0.0008140143031296551, 1.0),
(1.8384409260434982e-05, -0.00022613844236013016, -0.0002445275017995928, 1.0),
(-0.00047726632661750784, 4.6338529537277433e-07, 0.00030476179121645235, -1.0),
(-5.560327856013285e-05, 1.7587278454472418e-07, 3.554491653183934e-05, -1.0),
(0.19593582668542808, -0.13313574895667557, 0.11719437801723132, -1.0),
(-0.0013737129723799257, 1.1484476351180696e-06, 0.0008768237528351541, -1.0),
(0.6445727532263739, 0.6634817458963091, -0.11830023718944016, 1.0),
(-0.0011258646510231562, 1.8229384788422565e-06, 0.0007184191546552796, -1.0),
(-0.14604322760652444, 0.2592283980322989, 0.1393057396467885, -1.0),
(0.7265375855974483, -1.4857147369897064, 0.7310760012050324, 1.0),
(-0.20128934423157663, -2.6885672463544523, -0.5016105303044256, 1.0),
(0.0003000592420571435, 0.0006127314521704036, -0.0009128245927377751, 1.0),
(-0.012579919677873308, -0.052958411418341456, 0.024059991057136743, -1.0),
(-0.05203792710062771, -0.5540551969357921, -0.429035022400015, 1.0),
(-0.002583290094105836, 3.8093123209274383e-06, 0.0016472918940220876, -1.0),
(-0.0003823174910210156, 0.00032193670360883275, -0.0010497265909622244, 1.0),
(0.18134835596579357, -0.001829693232560936, 0.08062969992176594, -1.0),
(-5.22497186769208e-05, 0.0002925655126814232, -0.0009467637195902448, 1.0),
(0.11200540339313392, 0.035218738823930895, 0.051574725709250924, -1.0),
(0.029694603920565665, 0.005299417875166856, 0.02105043056273681, 1.0),
(0.012794794110250862, 0.6495176300418279, 0.3578058988396293, -1.0),
(1.7912023000712907e-06, 7.010260497512929e-05, -9.097531187982327e-05, -1.0),
(0.1119701249155014, 0.08904676300474534, 0.10472002263151126, 1.0),
(0.15128803999683793, -0.0015497589332719164, 0.06726193854455698, -1.0),
(1.2035015667215276e-06, 0.0014318460320171394, -0.001434696953169723, 1.0),
(0.01190561130330825, 0.6144840697783955, 0.3383912368931661, -1.0),
(-0.32808001684756505, -0.09117365665619559, 0.1397084989821593, -1.0),
(0.34970551615566237, -0.6846292764395834, -0.4903179987930031, 1.0),
(-0.5830025466991202, -0.07475148176352064, -0.3989895564814532, 1.0),
(-0.0002017143046589287, -1.1091219669127038e-05, -0.00029099035930046924, 1.0),
(0.02623355029719132, 0.00466998947527153, 0.018593271900784636, 1.0),
(-0.000103771910364708, 0.0003492396879843235, -0.0006240013191840255, 1.0),
(0.04423990892716345, -0.5260768741728228, 0.013587500131228447, -1.0),
(0.20958129942259873, -0.4714397504544898, -0.40389735771594104, 1.0),
(0.25158403539887786, 0.22697375800663622, 0.24061049691982817, 1.0),
(0.011394483806743905, -0.10755537414599203, 0.060472991025675604, -1.0),
(-0.0028084237165009462, -0.01182954865092345, 0.005370190248211892, -1.0),
(0.14872298163526132, -0.001537557338530976, 0.0661147833538891, -1.0),
(-0.16298262019507348, 0.2892468063897269, 0.15544738956844384, -1.0),
(1.2357235580628867, -0.6994497726154236, 0.16767525525438032, 1.0),
(-0.012158321564220698, -0.05120026226392671, 0.023261235930325252, -1.0),
(0.012348274332006803, 0.6275034587088975, 0.34567075547627724, -1.0),
(-0.015271848768509955, -0.0006150165072167368, 0.007462649122082166, 1.0),
(-0.00014827043387632965, -0.0008485128935804415, -0.0011812022536194372, 1.0),
(0.029399964968594983, -0.34791984670020426, 0.00903941206750758, -1.0),
(0.10717834138472515, 0.03412757531889654, 0.04939688701456113, -1.0),
(0.20643945975876044, 0.16634521032426797, 0.19324625574993703, 1.0),
(3.698969871363585e-05, 0.00023068103916001198, -0.0009880821599986822, 1.0),
(-0.012250282372001209, -0.051613005454072436, 0.023449130698551812, -1.0),
(-0.1326659951524931, 0.05628971372299674, 0.1091254998145672, 1.0),
(0.008579493885155998, -0.08108420338720634, 0.04559256589426752, -1.0),
(-0.17783452265682165, -0.6630929940893715, -0.5602956782828805, 1.0),
(0.00016541901413427533, 0.00028603619808430583, -0.0007005821658271488, 1.0),
(-0.0007551020716686091, 0.0003071451906387808, -0.001126600844714061, 1.0),
(0.18921905349061774, -0.12858167980696322, 0.11316035067856944, -1.0),
(0.010341244773649283, -0.09757345912310633, 0.05486082530651437, -1.0),
(0.640348586710104, 0.6638226109481593, -0.11127210741555871, 1.0),
(6.305422768001557e-06, 7.661892496222018e-05, -8.334349643612446e-05, 1.0),
(0.1952959217549335, 0.1562356990814031, 0.18263593815873946, 1.0),
(0.00016419506590092947, -0.00016188113878934374, -0.0009278679901680853, 1.0),
(0.00031366330658979917, 3.391728158272378e-05, -0.0007459882011014891, 1.0),
(-0.00012337183961238542, 0.0001015735291401837, -0.000690569333033221, 1.0),
(-0.00028375702514064037, 0.0001606266713242233, -0.0005035963387314858, 1.0),
(0.1480120141235517, -0.0015329648211686031, 0.06579691734495086, -1.0),
(0.017427471973481268, -0.010962623809401384, 0.012826797689228231, 1.0),
(-8.636465658331486e-05, 0.00017480336116760566, -0.000969763217191312, 1.0),
(-0.052070784603686526, -0.4662051614120557, -0.03357012469614418, -1.0),
(5.23776834577324e-05, -1.7243909719999727e-06, -0.00011801469135953695, 1.0),
(-0.3735381466728782, -0.10379914420225766, 0.1590629527538603, -1.0),
(-0.09002160023575012, 0.8540691593890415, -0.6908515355402045, -1.0),
(-0.6801125166525424, 0.05833956386055483, -0.4136266422945454, 1.0),
(0.10438065217715753, 0.033266239212423, 0.04810212895766064, -1.0),
(0.743683097776632, 0.16369514718941858, -0.39083159313854665, 1.0),
(-0.00037727800374084963, -6.410852170031164e-05, -0.000502006913135733, 1.0),
(-1.5117908286574533, -0.5395671902934289, -1.1872947282054582, -1.0),
(-2.049411900747117, -0.728068255835538, -1.5956556991088178, -1.0),
(-0.0002139804067468748, -3.404829254608188e-06, 9.789246669714494e-05, 1.0),
(-0.00323836910603989, -0.013620162846884054, 0.006184252644667321, -1.0),
(-0.0034094897923300227, 0.039033538454612104, -0.00112342899261815, -1.0),
(-0.011865222232841255, -0.04992959677531594, 0.02268784986092598, -1.0),
(-0.4361988540679107, -0.12121156845837255, 0.1857600113682789, -1.0),
(-6.568750163725694e-05, 0.0003794599826851368, -0.0004451477431748514, 1.0),
(1.1886522856867856, 0.8245008698334715, -1.2072460789476196, -1.0),
(-0.03825669117623809, -0.3410148139624418, -0.02471086504717701, -1.0),
(0.03929698400972903, 0.007019621375238538, 0.027861226481307177, 1.0),
(-0.008840092564158797, 0.10261295719090491, -0.0028257092284632024, -1.0),
(-0.0003532722197829852, 0.0002700055652571365, -0.0006521462389308397, 1.0),
(-0.1284437556577842, 0.054448660262377935, 0.10566042714755941, 1.0),
(0.19380955943688782, -0.1317348561804188, 0.11589401455343129, -1.0),
(0.5458116405419489, -1.0742086801641904, 0.5260449757633623, 1.0),
(-2.438876925711062e-06, -3.110814440670828e-08, 1.1168234145584688e-06, 1.0),
(-5.467039746949757e-05, -0.0004271011964609127, -0.0005045158976211064, 1.0),
(-1.5239772755971741e-05, 6.870521706040324e-08, 9.744078646948824e-06, -1.0),
(-0.007055010050123656, -0.02970867752961648, 0.013495897647895827, -1.0),
(0.10040118432807787, 0.031968959398403385, 0.04627202916301698, -1.0),
(0.19429683070709203, -0.13206235307548653, 0.11619434066949808, -1.0),
(-0.007690852279419458, -0.032403138063421544, 0.014718916387668646, -1.0),
(0.3012291284074138, -0.11578300386737794, 0.08465328051049781, -1.0),
(-0.0720680346871303, -0.7582905848679324, -0.5870964196156585, 1.0),
(-0.33715426683921024, -0.09371189851323347, 0.14357437562414255, -1.0),
(0.14155448357720068, 0.035944858838819815, 0.06522980454065497, -1.0),
(-0.16445563909748273, -0.614293138169586, -0.518935555834048, 1.0),
(0.034662873834717445, 0.0061921888481073495, 0.0245735926396069, 1.0),
(0.21375758898440012, -0.1452307167143907, 0.12782676426676076, -1.0),
(-0.3333759301499306, -0.09266175370463259, 0.14196580847776197, -1.0),
(-0.0017920169837477573, 2.5375574271143883e-06, 0.0011427631298201735, -1.0),
(-0.07186316032625584, -0.7566781939275415, -0.5857944543598137, 1.0),
(0.69650145630888, 0.48445866070586874, -0.707918974920716, -1.0),
(-0.4604725945492305, 0.06799844524076448, -0.2754745552530835, 1.0),
(-2.516594961097951, 0.8870709666958021, 0.12128027475846181, 1.0),
(0.6534336710469546, 0.14384653600700403, -0.3434040443410602, 1.0),
(-0.15960647748153534, 0.2832735140228593, 0.15223743474996, -1.0),
(5.575897174881163, -2.245517131781284, -5.234999540241404, -1.0),
(0.035974908094655866, 0.006432510915321821, 0.025508867422785464, 1.0),
(0.012134932733419035, 0.6171373175303074, 0.33995688334771046, -1.0),
(-0.049903473411717414, -0.4470593377895966, -0.03219651910411159, -1.0),
(0.008955377815335286, -0.08461494434539674, 0.04758227993070818, -1.0),
(0.7138424215389279, 0.15713684790535076, -0.3751556239168643, 1.0),
(-0.4798417308950249, -0.07053360000879882, -0.33601355281889056, 1.0),
(-0.00017757947653671002, -8.769021821435768e-05, -0.0003770345573181344, 1.0),
(0.13083695148587537, 0.03579273785970116, 0.06030611861510771, -1.0),
(0.6176092216729465, 0.6171895196273809, -0.1435529379252083, 1.0),
(0.12689783972106383, 0.035198689897598445, 0.05849060815922247, -1.0),
(-0.057445031461368146, -0.6006384758992525, -0.46548274188284466, 1.0),
(-0.0051553509690557, -0.0217152775117182, 0.009860634211706132, -1.0),
(-0.48737029620807704, -0.00967198430117211, -0.30677782036067214, 1.0),
(-0.0045394188751247955, -0.019117554967584827, 0.008684490243475451, -1.0),
(-0.019303564280908958, 0.17458324966024463, -0.14131716460910582, -1.0),
(-3.141564694152322, 2.0120510977468484, -1.913926289263216, -1.0),
(1.8587540761670143e-07, 0.0008337484906096003, -0.0008348515384329, 1.0),
(0.3109540728309881, 0.4939289261781141, 0.349133831082284, 1.0),
(-0.49921851698070796, -0.07337991359286011, -0.3495830945373797, 1.0),
(0.23041851195412022, 0.18820399296087587, 0.2161641436064432, 1.0),
(0.3946950123469204, -0.8933415940964125, -0.7633754195699538, 1.0),
(0.5519671652464808, 0.12147645728177281, -0.2900916872211212, 1.0),
(-0.00035437164559962153, 5.047525315404126e-07, 0.00022627235327284112, -1.0),
(6.318622027978553e-05, 0.0004303250959586651, -0.000699164810420063, 1.0),
(-9.335359886225233e-05, -0.000513893190010925, -0.0011815015905075887, 1.0),
(0.061674910696780216, 1.7231327338814708, -1.1657771446222824, -1.0),
(-0.01338942633967155, -0.056387275339604415, 0.025615079173079036, -1.0),
(-0.011386387753251626, -0.04788807584553467, 0.021758148684778433, -1.0),
(0.007798291948265368, -0.0737928989024832, 0.04149498674516261, -1.0),
(0.8117606292015438, 0.17868823566174719, -0.4265973049758074, 1.0),
(-6.8773115801238305, -6.781917089457522, -8.79816847743973, -1.0),
(0.0006060278143686926, 0.00010174061682506098, -0.0007782372273180682, 1.0),
(-1.58604955075725e-05, -3.480602720640864e-05, -0.0005257006250721646, 1.0),
(0.0006375747088298335, -2.8871354359396185e-06, -0.0011365466944357333, 1.0),
(0.20457273092771455, -0.13898002693469635, 0.12233739133430177, -1.0),
(-0.00035642985975911645, 0.00010240942321983887, -0.0007960722702767542, 1.0),
(-0.0048876047151569235, 0.05628487828955908, -0.0015885061624317243, -1.0),
(-0.4215519552885283, 0.06248849639776566, -0.25209298164028837, 1.0),
(0.04269315782308514, -0.50723971435038, 0.013104798021953412, -1.0),
(-0.47058723870826213, -0.13076273463008103, 0.20039367479584236, -1.0),
(-7.973124443462736e-07, -5.075037388551349e-06, -1.8314970052182855e-05, -1.0),
(0.7094832428634561, 0.1561729049782592, -0.3728597549679833, 1.0),
(-8.848803529326458e-06, -2.7268460234716166e-06, -1.2672021612738105e-05, -1.0),
(-0.0026586330325040763, -0.011188585982415677, 0.00507885079890702, -1.0),
(0.0998611267155729, 0.07934411905258809, 0.0934111061998566, 1.0),
(0.000223957011518814, -0.00011386707129057601, -0.00039101467740582443, 1.0),
(-6.9241002029875125e-06, 0.0002059933912521173, -0.0002129192217517565, 1.0),
(-0.3288452690730779, -0.09139993883507813, 0.14002828853575977, -1.0),
(0.3342523992995865, -0.5010870740663194, 0.21828236193969985, 1.0),
(0.04278474487254336, -0.5092188692234103, 0.01315633443708808, -1.0),
(-4.639553259123703e-05, -1.3120438776150324e-05, -0.0009492699919475545, 1.0),
(-0.8449866440137441, -0.3016655118907181, -0.6657606795044302, -1.0),
(0.02743095209088464, 0.004890848055161934, 0.01944709710794923, 1.0),
(-0.03855367699723544, -0.34380318102239826, -0.024916725165233577, -1.0),
(-0.31949004157086947, -0.013459820540870582, 0.15396170456906155, 1.0),
(-2.1587608416682826, -0.7669314735722566, -1.6805721667359705, -1.0),
(-6.232807136878605e-07, 1.079778078875725e-08, 3.9875539736898723e-07, -1.0),
(0.19550341918530734, -0.13286285183196966, 0.11690533432125783, -1.0),
(-1.0079885197073434e-05, 3.951646169814328e-06, 1.1158824480252683e-06, 1.0),
(-1.5213519212338954e-05, 0.0002995317130442855, -0.0003617682253245526, 1.0),
(-0.0002201515963278283, -0.00021453643759616198, -0.0004885212952324275, 1.0),
(0.20364312505452986, -0.1383856480469916, 0.12178988924097034, -1.0),
(-0.0008793777440826364, 1.7989125681987543e-06, 0.0005617854023640435, -1.0),
(-0.005115407850468934, 0.13169364417815466, 0.137208709934713, 1.0),
(-0.2435284649585867, -0.010232317963435045, 0.11735354310049573, 1.0),
(0.09697392237398894, 0.030829711615065314, 0.04471595160433228, -1.0),
(0.2066702337761761, -0.1404203444415133, 0.1236004979220846, -1.0),
(0.6241527252997301, 0.13739808987452484, -0.3280113392444832, 1.0),
(-0.16305658895877784, 0.0692935352278301, 0.13413889371442167, 1.0),
(0.12813486688516917, 0.03484120903120269, 0.059093092552018334, -1.0),
(0.0005071741037572693, 0.0004946086276452072, -0.0011347719129363443, 1.0),
(-1.0050292710407115e-06, 0.0014336673450915105, -0.001436396578305757, 1.0),
(-9.234138686716603e-05, 5.181561600462294e-05, -0.000983986180825222, 1.0),
(0.20214242560336082, -0.1373669409955358, 0.12087835799130353, -1.0),
(0.12132472251122373, -0.00129679094801316, 0.053935421323147104, -1.0),
(0.03678451040918351, 0.006574949879293912, 0.026083025608317767, 1.0),
(-0.0001740350135687966, 0.0006588610370965864, -0.0009003016627883581, 1.0),
(-0.0005138722594827047, -0.002151279278256174, 0.0009817255207729414, -1.0),
(0.20639755517620983, 0.32641371766736427, 0.2314571113056587, 1.0),
(0.35226836031736397, -0.18446995246571696, 0.08597784159689947, -1.0),
(-0.0064404093572391075, -0.027127447102780478, 0.012320613661366053, -1.0),
(-0.03809853423312104, -0.3398822005603144, -0.024605769664660215, -1.0),
(-2.667993934597204e-05, -3.7953606253971796e-05, -6.465424507687452e-05, 1.0),
(-3.160464574544818e-05, 1.351945050949133e-07, 2.0214823054499724e-05, -1.0),
(1.2273641747565302e-07, 0.0006601104804653118, -0.0006608115786311194, 1.0),
(-0.2926542580502449, -0.012311007107560668, 0.14102033069266717, 1.0),
(0.0007090621639207484, 4.017376390164085e-06, -0.000869498917788647, 1.0),
(-0.01266852664004775, -0.053364949972010134, 0.024243553896610814, -1.0),
(-0.005458346243586626, -0.022984601472935573, 0.010439573039677352, -1.0),
(2.1168290777379752, 2.0204573702303605, -2.2475700331966664, -1.0),
(-1.1027354427039882, 10.256783795766296, -5.776909688634532, -1.0),
(-0.04079268749328335, -0.365541947392682, -0.02637590492872155, -1.0),
(5.953660470116944, 1.6484955381425692, -2.543423447247335, -1.0),
(0.10383134188471477, 0.03253215241129204, 0.04778692706489451, -1.0),
(-0.0010249216978109599, 0.0001930934382870994, -0.0012260473551704773, 1.0),
(0.2635516608219852, -0.5938533071549728, -0.5082828280449903, 1.0),
(-0.4737550757434903, -0.07234763067425876, -0.33322846205288315, 1.0),
(-0.738890844821853, 0.10276701240995845, -0.44339208381419226, 1.0),
(0.011506676906762325, -0.10850145632999464, 0.061002258641276175, -1.0),
(0.01165245231085077, 0.5916011669716994, 0.3258867651620605, -1.0),
(-0.5558152419272346, -0.08203913400575402, -0.389234468167615, 1.0),
(8.548511386726777e-05, 0.000362468301350366, -0.0005397017790454289, 1.0),
(-0.011320777337417987, -0.04761182773056305, 0.021635171221751293, -1.0),
(-4.541624702020849e-05, 0.0011485003373531977, -0.001193987510146946, 1.0),
(-0.010088341040318527, -0.04248650800491749, 0.01930179449078695, -1.0),
(0.7199390645564563, 0.49841782768680787, -0.731175245458644, -1.0),
(-0.04597903216663202, -0.41184949444961205, -0.029661082734722122, -1.0),
(0.0011955588867003375, 6.982051763944255e-05, -0.0013571560932930243, 1.0),
(0.7169893425540863, 0.1578296945257307, -0.37680371657657474, 1.0),
(-4.553984127854406e-07, 0.001368935825063998, -0.001370347826595321, 1.0),
(8.093685870305418e-05, 0.00018934049013735223, -0.0003177261717701753, 1.0),
(-0.3533371723824139, -0.09818182562557709, 0.15046361110132978, -1.0),
(0.00041258394688464817, 9.586405415358545e-05, -0.0005372501651058487, 1.0),
(0.641948778294001, 0.14130092282351647, -0.33736541837563294, 1.0),
(-0.5021205105259128, -0.07380675197505582, -0.35149584749328255, 1.0),
(-0.03861186169562103, -0.346046149223298, -0.024951496709855192, -1.0),
(-0.039438328261626854, -0.35328254287563254, -0.025493417909157934, -1.0),
(-0.00014710123282442138, 1.9958330288674816e-07, 9.401254310039114e-05, -1.0),
(0.13332962381692948, 0.03657584929684754, 0.06143783590213214, -1.0),
(-1.162480721546899, -0.41235225729110425, -0.904437011695336, -1.0),
(-0.6251264744152252, 0.09025979362229819, -0.37445576459337104, 1.0),
(-0.037363714008572746, -0.3331500881884004, -0.024164414051607297, -1.0),
(0.3026082950427167, 2.450435681341787, -0.58513689840197, 1.0),
(0.2005808349931737, -0.13629702420328726, 0.11995785833414452, -1.0),
(0.3200447841306904, -0.12303867255197076, 0.08998349984310572, -1.0),
(-0.33133913680977756, -0.09210372574303882, 0.14110675764876746, -1.0),
(-4.884120238760346e-11, -5.947658511800876e-10, -1.1233666222955125e-09, -1.0),
(-0.03748394959343315, -0.33457838381553984, -0.024245478113221974, -1.0),
(2.6856701215275507, 4.4122956127784505, -3.8363084975882487, 1.0),
(-0.070695669618698, -0.7436220569849539, -0.5757826009968809, 1.0),
(-0.3349026716713581, -0.09308439575507244, 0.142612650412552, -1.0),
(0.105185048828357, 0.03296184403483693, 0.04840254805993638, -1.0),
(0.2455197404989775, 0.22961449126356825, 0.23685141043765157, 1.0),
(0.21563863705154063, 0.1738189166789077, 0.2018053220347653, 1.0),
(0.8376045798850278, 0.8726039681798206, -0.1460505345209322, 1.0),
(0.31805183366084044, -0.12227274665192756, 0.08941958443565934, -1.0),
(0.12462924880370796, 0.03451776087945735, 0.057437465860418424, -1.0),
(-0.010523821815233037, -0.044335763860145594, 0.020138671917959927, -1.0),
(-0.003638725586752045, -0.01530621271433219, 0.006949846789492398, -1.0),
(-0.006562921280671319, -0.027646775302237137, 0.012552879120417026, -1.0),
(-0.5794219852250393, 0.0023782716013204253, -0.36188198024747464, 1.0),
(-0.16675262983524064, -0.621867165368748, -0.5254437652975241, 1.0),
(-0.03739162847554045, -0.33450075837536275, -0.024157411586633426, -1.0),
(0.00010361045038084424, 0.00011597879864604782, -0.00022760265201436647, 1.0),
(-0.49444304500263314, -0.063184927599925, -0.3384583130484309, 1.0),
(-0.005296582434761443, 0.12865777298587844, 0.13439508743684492, 1.0),
(-0.35174809364518467, -0.09775461730402313, 0.1497894635256145, -1.0),
(0.11566298470825132, 0.09198879941529015, 0.10816252450275954, 1.0),
(-0.004216881614985402, -0.017754561191368534, 0.008068555166526048, -1.0),
(0.012577779283651447, 0.6257006384119279, 0.3447410377337974, -1.0),
(0.11325334903418316, 0.0356349398559761, 0.05212624684586942, -1.0),
(-0.00016040282428999176, -5.4521767875548386e-05, -0.00028125282814209576, 1.0),
(0.29644227681461643, -0.6694199971437165, -0.5725246670255864, 1.0),
(1.0803274126365038e-05, 0.00039870751153204403, -0.000455618229643448, 1.0),
(-0.04155169964251959, -0.3720439087748382, -0.026821954522768365, -1.0),
(0.0004612780786970583, 0.0003718199544947842, -0.0008330992813548807, 1.0),
(8.737893480241837, -3.1523586657881424, -8.002205776734627, -1.0),
(0.23832621096440398, 0.3794125720701125, 0.26779292328442494, 1.0),
(-0.013479272460908243, -0.05677886364586682, 0.025798438329408313, -1.0),
(-0.1470211496811311, 0.26094692380147144, 0.14023130629638292, -1.0),
(-0.012395779392917916, -0.05219516142446423, 0.023710926730643678, -1.0),
(-0.007336169596072695, -0.030904479633996784, 0.014037583146452426, -1.0),
(-3.5867698383221978, 1.2627989907716142, 0.13866462320941153, 1.0),
(0.11937623806317799, 0.03626404392225169, 0.054950541047915635, -1.0),
(8.095812387880902e-05, 0.0004578938184209569, -0.0008000918955713976, 1.0),
(-2.9283486099820238e-06, -3.092873942798897e-08, 1.317898235765757e-06, 1.0),
(-1.2064091370041136e-07, 0.0008088746861936932, -0.0008095618606256197, 1.0),
(1.3848705141610365e-05, 0.0009756921507736716, -0.0009895749162973089, 1.0),
(0.0003262017544840637, -0.0006113035844819426, -0.0009360955201969182, 1.0),
(-0.16890667226385236, 0.07197452437933594, 0.13883944573150142, 1.0),
(4.4294440112085075e-05, -0.0002872739954142556, -0.0004170734496408632, 1.0),
(-0.01273005906572866, -0.05354078371300286, 0.02432178540810881, -1.0),
(0.012587078278929464, 0.639433020260384, 0.352235992541452, -1.0),
(0.044204125158091134, -0.03409574531949833, 0.055314285683472963, 1.0),
(-0.0514251602469149, -0.46051746962083584, -0.03315300097717078, -1.0),
(-0.4678277994543123, -0.059909409014879955, -0.3202066350898036, 1.0),
(-0.0012416622171343775, 1.452321029373426e-06, 0.0007918960827447488, -1.0),
(0.15966003140458707, -0.001653867125711514, 0.07097447550855618, -1.0),
(-0.03801868883194004, -0.33900456937157486, -0.024568549318832122, -1.0),
(0.00012913262605116632, -0.0008152333721367921, -0.0010177372884870306, 1.0),
(0.6152425755277875, 0.13542822975698243, -0.32332176338314866, 1.0),
(-0.08360521206938154, 0.7939375717639905, -0.6421057470959255, -1.0),
(-0.037929940781678884, -0.33835173774662053, -0.02450572068115897, -1.0),
(-0.33841812961492224, -0.5917646924302282, 0.32031214646954886, 1.0),
(0.10080424453412373, 0.0320629046281522, 0.04647897713325877, -1.0),
(0.08127995115788877, -0.051204524458901446, 0.06004455341773074, 1.0),
(-1.832696910439302e-05, 0.00013503620951815787, -0.0003316971657416623, 1.0),
(0.04175930683027751, -0.4961696659842225, 0.012815022548900767, -1.0),
(-0.013829340605078677, -0.05822915324548461, 0.026455176522168333, -1.0),
(1.998093530387879e-06, -2.8439240883293892e-05, -6.244599502840901e-05, -1.0),
(0.0002542528582953861, -0.0008225282348928581, -0.0011656161480984306, 1.0),
(0.04550118888249477, -0.5409627719979859, 0.013975246592161317, -1.0),
(0.5230986346136035, 0.45770196371108796, -0.16894426189560718, 1.0),
(0.03690454410790789, -0.4385914901711381, 0.011337180586262874, -1.0),
(-0.03424331260052371, 0.3103232793285393, -0.2515175958561766, -1.0),
(0.012131210162428463, 0.616397464633998, 0.3395747783919756, -1.0),
(1.1192672958183891, -0.6336913134262545, 0.1518381313962891, 1.0),
(-0.3512090893421629, -0.6137041162192531, 0.33239849512275654, 1.0),
(0.14016497344737644, 0.5789331245212281, -0.2668614703322447, -1.0),
(-0.27549496083764424, -0.011574681598103431, 0.1327534813787823, 1.0),
(0.19592710782609224, -0.13314112990197735, 0.11719157299440841, -1.0),
(0.0002123666349699259, -0.00021103600062562754, -0.0007474669594199207, 1.0),
(-0.012613767395119768, -0.05308134163789857, 0.024116832863198434, -1.0),
(0.11111584502214278, -0.8761611434053691, -0.6911980699571814, 1.0),
(-0.5388410871120186, -0.08273522697237468, -0.3784188952423051, 1.0),
(-0.03811444575059042, -0.33983958250306046, -0.02462392472653452, -1.0),
(-0.15568292496704217, 0.276317105912689, 0.14849859590908565, -1.0),
(0.20166385072473236, -0.1370153742649416, 0.12059570480663773, -1.0),
(0.10023748799587207, 0.03193685940579383, 0.04619540967059077, -1.0),
(-3.275297620714663e-05, 0.0007572635020441504, -0.00079004512832382, 1.0),
(0.04257587234766724, -0.5064968909285881, 0.013078043060990696, -1.0),
(-8.767218871514682e-05, -0.00016774088302399202, -0.0002811799565651807, 1.0),
(0.14039167481533887, 0.037691537475937675, 0.06471553996148582, -1.0),
(-0.42182526224850747, -0.02150212577162014, -0.26998458668172454, 1.0),
(2.2000867198457286, 1.5038276396977182, -2.2290272431780807, -1.0),
(0.19736281811420042, -0.13410371412176403, 0.11807328515836701, -1.0),
(-5.994329544951031e-07, 4.303588266085234e-08, 3.3098865650845887e-07, 1.0),
(-0.03705783706567356, -0.3303636475931171, -0.023963206999340514, -1.0),
(0.0002312707472994016, 0.00025710282953672614, -0.0005326855489396348, 1.0),
(-0.0069420848033141525, -0.029240112340001012, 0.013278812813797725, -1.0),
(-0.005381256783050514, -0.02268477213856812, 0.010300825099180622, -1.0),
(-0.3264759832047375, -0.09074721888503845, 0.13902473800571613, -1.0),
(-8.666590277800327e-06, 4.2753746275064174e-08, 5.542060539366037e-06, -1.0),
(0.0010490192930284747, 0.00011818646488120227, -0.001172793083047824, 1.0),
(-0.15485160107247964, 0.06579118426088115, 0.12737891191008544, 1.0),
(0.12686018816919553, 0.035129628798193924, 0.0584531578851033, -1.0),
(0.00016396771489517702, 0.000640319483217279, -0.0010691378028875667, 1.0),
(-1.2240439238125589, -0.43705024690749994, -0.9615847191422588, -1.0),
(-0.2626903811759931, 0.11242704027123374, 0.21594152031743263, 1.0),
(7.84698790458338e-05, 9.209630427697499e-05, -0.00037696742695381147, 1.0),
(0.00017621095095017754, -0.0002326657154067338, -0.00086306805741726, 1.0),
(0.32920585377127054, -0.1724064465330173, 0.08037499518663349, -1.0),
(-0.00011111039840175016, -0.0010432822954370286, -0.00118690475597856, 1.0),
(0.21267482551837524, -0.47859736131970365, -0.4100091230283809, 1.0),
(-0.011287678360168862, -0.04757525200055346, 0.02160334701100619, -1.0),
(0.15777203580670118, -0.001631755996065909, 0.07013284446019696, -1.0),
(-0.4881685715278081, -0.07449607990028051, -0.3429931855530235, 1.0),
(-0.011225965388977355, -0.047296919160086937, 0.021480062656378918, -1.0),
(0.5965579151499867, 0.5242918591696011, -0.19176288779472195, 1.0),
(0.5913629559959475, 0.5197209148010984, -0.1901021470601023, 1.0),
(-3.375855509473455e-05, 1.195779633325446e-07, 2.1571255389131027e-05, -1.0),
(0.10829666454293285, 0.03368997171510735, 0.049848417209443774, -1.0),
(0.23313344828030225, 0.19041835878799418, 0.2187107083118427, 1.0),
(7.803913119250241e-05, -0.0001408521871333248, -0.00042747290406574406, 1.0),
(0.1259563835162112, 0.03496548668378807, 0.058039996926915194, -1.0),
(-1.7554951161027282e-07, 0.0010158993300170838, -0.0010174325332524478, 1.0),
(-0.012980655545035802, -0.05466394214872139, 0.024833907371375474, -1.0),
(0.19147533095395275, -0.13011962085668216, 0.1145108608505323, -1.0),
(-0.4135896267107988, -0.0076944309130707045, -0.2600668628058873, 1.0),
(0.01236433614207666, 0.6380020919407059, 0.351331221633977, -1.0),
(-0.011950757507891652, -0.05025280369953, 0.022839352354375286, -1.0),
(-0.0002391462218726166, 1.9050519998794623e-06, 0.00015407944360669792, -1.0),
(-2.9085547686858983e-07, -8.386306176325027e-09, 1.4508812097358453e-07, 1.0),
(0.042471529921812134, -0.5048281362425087, 0.01304419450277372, -1.0),
(-0.00045506881278063044, 1.5388547138617042e-05, -0.0005442508241717339, 1.0),
(0.5635807123897223, 0.12403750765433941, -0.29619019621193843, 1.0),
(-0.33303073495320135, -0.09258127574642394, 0.14182003278329525, -1.0),
(0.6033151121142346, 0.6033018922376385, -0.14008876708510964, 1.0),
(1.1365125140289435e-07, 0.0002825243027529227, -0.00028270989802389734, 1.0),
(0.26734634461634066, -0.102781832821913, 0.07511203162196356, -1.0),
(5.267624908279288, -1.9141087939618018, -4.8283287073727195, -1.0),
(0.13120659186507933, 0.02597693182933747, 0.06041941882228352, -1.0),
(-2.9747272949241305e-07, -8.528108847976545e-09, 1.4858405689545985e-07, 1.0),
(0.32138755258700513, 0.5104969929464644, 0.3608432197871849, 1.0),
(-0.09989262527054166, 0.9450906117751288, -0.7642374817163784, -1.0),
(0.19137800414547712, -0.1300295890846348, 0.1144622598343581, -1.0),
(0.20571463933512746, -0.139769502981963, 0.12301658255930548, -1.0),
(1.1509664061706978e-05, -4.753581466490197e-05, -6.680680175619224e-05, -1.0),
(-0.00010330806994741318, 0.00018183946854575736, -0.0006200968153110067, 1.0),
(0.29448565808336546, -0.1542360269377374, 0.07188367651805638, -1.0),
(-0.36841556186643487, -0.1023868338170395, 0.15688822660755974, -1.0),
(0.0002850290424308115, 1.1667461593032008e-05, -0.00029672377560057556, 1.0),
(1.846219354600862, 1.7622656175003613, -1.96030942433336, -1.0),
(-0.006715106170435803, -0.028276451527062818, 0.012848433366507095, -1.0),
(-0.04238260098201341, -0.3791289114360765, -0.027366717377841798, -1.0),
(-0.013550711223816236, -0.057094459950800314, 0.025937372172012196, -1.0),
(0.6665121713627116, 0.1467329459892266, -0.3502720424549217, 1.0),
(3.3985019614035537, -1.3659696423476362, -3.1995043410431663, -1.0),
(5.543955292213923, -2.2636281175920203, -5.223181881330561, -1.0),
(-4.761991561494849e-07, 1.2039534665766835e-08, 2.4544140101806717e-07, 1.0),
(-0.3486971338488729, -0.0969049373046289, 0.14848786827563742, -1.0),
(-0.01232095655120058, -0.05186266322614541, 0.023563472199454316, -1.0),
(0.032952318990036034, 0.005890315630304177, 0.02336127060807991, 1.0),
(-0.05041353331854026, -0.4515447403632251, -0.032522774051817915, -1.0),
(-1.2140784572770613, -0.43133889725002206, -0.9448910972326985, -1.0),
(-2.6935266881863527, -0.9568600466844686, -2.0973772622970017, -1.0),
(0.011872694681351992, 0.6129673032828116, 0.3375407526428269, -1.0),
(-1.2073792340749992e-07, 0.00013677288068975925, -0.000136988803251855, 1.0),
(-0.0053543883225315725, -0.022549572657179606, 0.010242836207911388, -1.0),
(-1.2634629277361639e-05, -0.00026066218521736406, -0.0003260842342980713, 1.0),
(1.2489498207606573, -0.7069600225574817, 0.16946468450313645, 1.0),
(-2.031747056760512e-05, 7.526827409321624e-08, 1.297868236088196e-05, -1.0),
(-0.15429630768850444, 0.0656228267997312, 0.12690398639815292, 1.0),
(0.00011992127873718811, -0.0002908352298545847, -0.0005341500772708604, 1.0),
(-0.3803755341100157, 0.1633673265993929, 0.3128189610383618, 1.0),
(-0.0004387745488110273, 0.00012435135377515498, -0.0009322177458970238, 1.0),
(-0.010976803707129557, -0.046242773618693, 0.021009482608495444, -1.0),
(-0.00021992541857260642, 0.0010058871131860547, -0.001308036028167786, 1.0),
(-0.01331226421911802, -0.05607069941654297, 0.025474318463482137, -1.0),
(-1.1593864438117613e-05, 6.051758933619739e-08, 7.416949850839257e-06, -1.0),
(-1.7136351389538618, -0.6088647510502199, -1.3338879273383952, -1.0),
(-0.6663988019891534, 0.00535795646463233, -0.41498585096395857, 1.0),
(0.10662423726336367, 0.03391837315390789, 0.049155970268993876, -1.0),
(-0.0034370498458286824, -0.014475075334867915, 0.006569439257140763, -1.0),
(-0.4216189568101072, -0.11715581413616327, 0.17953643585104118, -1.0),
(-4.9426998657689514e-05, -2.263814576761229e-07, -0.00010051341223306018, -1.0),
(-1.5906226252869382e-07, 0.0006311279568098245, -0.0006316768343669447, 1.0),
(0.011033346008943457, -0.10406501640949628, 0.05850888143474231, -1.0),
(8.533164134670415, -3.4489779179085645, -7.985864979435178, -1.0),
(-0.3474964011563717, -0.6074732258098017, 0.3288764585985149, 1.0),
(-1.7638513027776886e-05, 0.0001366216575654916, -0.00027606725494836587, 1.0),
(-0.0006433588769971937, 0.00016066026239468234, -0.0008040965111019566, 1.0),
(-0.03703312286645222, -0.3304472177467588, -0.023949118982558026, -1.0),
(-0.00662169489833575, -0.02788775582307057, 0.012669135707211399, -1.0),
(0.009487642698967402, -0.08959568069879342, 0.05038234925514162, -1.0),
(-0.004476636380551402, -0.01887369029607644, 0.008572963983125126, -1.0),
(7.420619191724235e-05, -0.000364052721769946, -0.00047117740545422546, 1.0),
(-0.47408259800985064, -0.06981733112987332, -0.33222035502333824, 1.0),
(0.00044818093945500626, -0.00014041057559838286, -0.0005876851342431003, 1.0),
(-0.001828327573867694, 2.4959013276739913e-06, 0.001165357360020755, -1.0),
(0.22350625873814067, 0.35743030329172143, 0.25135492580791663, 1.0),
(-0.00036640729192932014, -0.00032508228250071464, -0.0008187063363416791, 1.0),
(-0.5527911573637425, 0.00435979393631003, -0.34423948874359667, 1.0),
(-0.005925327270255298, 0.06878007787941343, -0.0018975795165257492, -1.0),
(0.14043479323373909, 0.03442534862751945, 0.06462327332868911, -1.0),
(-5.664722640022577e-05, -0.00044949675717181545, -0.0007016337014298518, 1.0),
(-0.012039544040248984, -0.05067277597676956, 0.023021607892970586, -1.0),
(0.000694024110245911, 5.5324912389903905e-06, -0.0006995909970971825, 1.0),
(3.2549452190778084e-05, -7.624980902567243e-05, -0.0007190532942809649, 1.0),
(-0.00036489158009810063, 6.188708281881783e-07, 0.000232780746478067, -1.0),
(-0.3732312932607549, 0.05883661901188364, -0.22262576548586832, 1.0),
(0.6060985076315575, 0.1334147303442066, -0.31851715144551207, 1.0),
(0.3651212287292793, -0.8247045509779838, -0.7051843311593942, 1.0),
(-0.011342942424716895, -0.04775435574906162, 0.021694804422362157, -1.0),
(0.0009342596964494188, -0.0001355342009773594, -0.0013278271643070994, 1.0),
(0.8551510459159033, 0.18825323582761655, -0.449405209477689, 1.0),
(0.03546620864220085, 0.00633052326210598, 0.02514472098912446, 1.0),
(0.2488447071436184, 0.23187071010727323, 0.23993410995190345, 1.0),
(-0.33288147119021616, 0.14267363147709844, 0.27381460386113154, 1.0),
(-0.7659881417980614, 0.09860294852387597, -0.4609442000107151, 1.0),
(-0.47444309871647405, -0.06987416581274353, -0.3324706709477212, 1.0),
(5.4654140978825736e-05, 1.6387385922925104e-05, -0.0005225062519910138, 1.0),
(-0.0005950141675797674, 0.0002181876945121404, -0.0011905629565666237, 1.0),
(-0.045603263610540345, -0.40843586386425557, -0.02941906498390523, -1.0),
(-0.9039018046630858, -0.3225465430838437, -0.7122568677763113, -1.0),
(-0.006741529426330217, -0.028400688024235343, 0.01290043437971633, -1.0),
(0.1332400657608197, 0.02832239706952766, 0.061380900122460336, -1.0),
(-0.03909161006442963, -0.3486109511964308, -0.025256436388972237, -1.0),
(0.17946075518297278, 0.740376259337836, -0.34108508639116053, -1.0),
(0.10313262679143254, 0.08196020410097349, 0.09645756319720888, 1.0),
(0.0004669135425417262, 9.789179809928557e-05, -0.0005648267708087719, 1.0),
(-0.48619499764645724, -0.07171157221400648, -0.3405188195824067, 1.0),
(8.133540921201332e-05, 0.0005086826187962364, -0.0009665955475638283, 1.0),
(-1.494540650297943e-05, -5.323107143886084e-05, -0.0001622738212322672, 1.0),
(0.09782983895892272, 0.031185573162912483, 0.04508410342753777, -1.0),
(-9.96651243789174e-05, 4.794990475832234e-05, -0.0009327229594827471, 1.0),
(-0.177201744220298, 0.07554162125101271, 0.14573364153834234, 1.0),
(-0.006233265301688884, -0.02624496257276343, 0.011917885550349894, -1.0),
(-0.1608757244669441, 0.2855096842322169, 0.15343588796775265, -1.0),
(0.0004458694362650256, 0.00014476014883195616, -0.0007596752032152862, 1.0),
(0.012180862799045178, 0.6190626488441069, 0.34101820726793264, -1.0),
(0.3836943390863432, -0.7527961199347288, -0.5386726842358733, 1.0),
(-0.3323893488052292, -0.016654878823638697, -0.2127295982395836, 1.0),
(0.0362995677663942, 0.006486076280792008, 0.025734856077015866, 1.0),
(-0.16840241979859982, 0.0716921757651563, 0.13849484326922035, 1.0),
(-0.021116998274089638, 0.247402431191313, -0.006712309469505129, -1.0),
(0.00021897105928998448, 0.00017562884837732558, -0.0011096385374455564, 1.0),
(-0.0771353520365623, -0.8072288753611865, -0.6249512761282467, 1.0),
(0.10236360564081437, 0.03251389519118786, 0.04720129109940974, -1.0),
(-3.453227797721439, 0.3201460066220285, -2.8517247249761795, -1.0),
(0.03680968207986801, -0.43726463881892386, 0.011304695838332157, -1.0),
(-0.22852229624371745, 0.09753275677985584, 0.18794123958688402, 1.0),
(0.22739044259524377, 0.3620657903229052, 0.25549747299543135, 1.0),
(-0.0005146064313068591, 7.737874575235051e-08, 0.00032819296757116354, -1.0),
(0.14210515680894265, 0.0388307090940343, 0.06549047365971727, -1.0),
(0.2018558750576105, 0.16192602837159953, 0.18883152722533758, 1.0),
(0.07585592436811739, 0.024180818252022673, 0.03498666901166425, -1.0),
(-0.0017380620202807062, -5.033731809115098e-05, 0.0008422732197940243, 1.0),
(-4.477391267241986e-07, 2.60234803884929e-07, -2.482127213885091e-06, 1.0),
(0.1535241311959279, -0.0015842665073338286, 0.06824554257188309, -1.0),
(0.12044016445415195, 0.03651023273938847, 0.05539656858353226, -1.0),
(-0.01236486272585835, -0.05202166321875179, 0.02363910354352461, -1.0),
(0.09863599310500604, 0.03143256565954644, 0.04545658222158977, -1.0),
(-0.5057457064417861, -0.0585478996208213, -0.3422243361957129, 1.0),
(0.00038148221062111326, 0.00025914705197971344, -0.0006406537706130089, 1.0),
(-0.2208597784691051, -0.009280471839365312, 0.10644608587786308, 1.0),
(0.0003436503160917509, -0.0001031746440333884, -0.0004463617376802842, 1.0),
(-0.012428439390955504, -0.05226963481941027, 0.023743703679649286, -1.0),
(0.13067492407130388, -0.0989629111203838, 0.1627671234560566, 1.0),
(-0.22195233531687197, 0.09471772739694417, 0.1825171391439584, 1.0),
(-0.05280530164516639, -0.4726751540537535, -0.03403712673495929, -1.0),
(-6.614248172320987e-05, 5.427331106025576e-05, -0.00032995347821850735, 1.0),
(-0.03990007321818423, -0.3557140694930716, -0.02577914960939065, -1.0),
(-0.38190643537806324, -0.10614511202173915, 0.16263933458135327, -1.0),
(0.2296397995625057, 0.1885167055785537, 0.21567716968672102, 1.0),
(5.853659685402988, 1.6207960603491784, -2.5007212837597876, -1.0),
(-0.4509721894108125, -0.06636652559172074, -0.3159613238812824, 1.0),
(0.0007173346882673182, -0.00013306890370772591, -0.0011869631730624872, 1.0),
(0.00034072911561125636, 0.0009983955418951806, -0.0013392399022173207, 1.0),
(0.6496915943767334, 0.1430086918103166, -0.34143681160507455, 1.0),
(0.01269844950124488, 0.6410788638637861, 0.35314911857623343, -1.0),
(0.10183070672926675, 0.0324691014431, 0.0469218319649114, -1.0),
(0.19438311045711032, -0.1320927444305795, 0.11624274972194826, -1.0),
(-0.16485992262590976, 0.07019574628070124, 0.1355848763887586, 1.0),
(-0.24247059915251157, 0.10362020135233507, 0.19937489189192625, 1.0),
(-0.16773368798895305, -0.6291968014070335, -0.5310003802368328, 1.0),
(0.34259734032631783, -0.6701813673459043, -0.48002158075946966, 1.0),
(0.043610792241306484, -0.5183783204365966, 0.013388565486498805, -1.0),
(0.20205101777687418, -0.1373162540267714, 0.12082737700986002, -1.0),
(0.0002772217440012159, 2.2867535735637042e-05, -0.0003812082587217047, 1.0),
(0.00026360414885703495, 0.00033938200063290784, -0.0010626151437013315, 1.0),
(-0.5308036518781165, -0.078044313340488, -0.3714007799690364, 1.0),
(1.3216318918991832e-05, -4.631574375668244e-05, -9.028629917137796e-05, 1.0),
(0.0009091829931933831, -0.0001076986676403404, -0.001339135540612088, 1.0),
(-0.012409794975744681, -0.05223141263543907, 0.023731632236755784, -1.0),
(5.945866038938448, -2.4375714951246152, -5.604876952429549, -1.0),
(0.2030772126110687, -0.13798351155817645, 0.12145386717021633, -1.0),
(-0.010722660616371449, -0.04513308831113938, 0.020503799643194487, -1.0),
(-0.013163029645126723, -0.055436621101240036, 0.02518330271298652, -1.0),
(0.67467948779381, 0.14852891553644554, -0.35457435257086445, 1.0),
(-0.00047644252381541866, 5.2819037541899016e-05, -0.000673303529534694, 1.0),
(0.012027654888589367, 0.6108755688203473, 0.3364696910605005, -1.0),
(0.7031283011213034, 0.1547748472600894, -0.36952056705672476, 1.0),
(0.21353171815260197, -0.48054356207278204, -0.411674996220583, 1.0),
(-0.011712544623361243, -0.04929279085925664, 0.02239664661034535, -1.0),
(-0.6884845650210707, -0.24439168217155327, -0.5396130601418889, -1.0),
(0.9576122165174041, 0.6645479969286043, -0.9729596094086759, -1.0),
(-0.003463064647915459, -0.014563419403178735, 0.006613105737481195, -1.0),
(0.13310974871708225, 0.03695084904600243, 0.06133513775315791, -1.0),
(0.02235633172966356, -0.20884018403326365, 0.11742559193531221, -1.0),
(-0.09559800001664387, -1.0263796451783733, -0.7930515136233502, 1.0),
(0.12578863152586806, 3.5730024526087902, -2.4137689930870607, -1.0),
(-7.493593764834952e-06, 3.8655658970640494e-08, 4.796677549391212e-06, -1.0),
(-0.05589194772603889, -0.5924722338595245, -0.45883204846731473, 1.0),
(-0.001297435585721346, 0.014090474646826223, -0.00044556990753008563, -1.0),
(0.2519123191139361, 0.22377932170573622, 0.24011366339570728, 1.0),
(6.58910386693674e-05, 0.00021215773675959879, -0.0005292054583976025, 1.0),
(-0.1564327742140481, 0.27764510370499096, 0.14920945607825864, -1.0),
(0.00017880981908716814, 6.2378453434530894e-06, -0.0005187053512858628, 1.0),
(1.949383728495598e-05, -3.752876072465319e-05, -8.451721641536923e-05, 1.0),
(-0.17208328532705064, 0.07331333924936834, 0.14154843550950424, 1.0),
(0.5124591632789688, 0.11277976540260592, -0.269337659887686, 1.0),
(-0.2725821709837959, 0.1165264702225457, 0.22416852861555014, 1.0),
(1.7058224070906278e-05, -3.834573586653303e-05, -0.000287116684065912, 1.0),
(2.684845927282322e-05, 4.384958088524306e-06, -3.347630150691227e-05, -1.0),
(-0.21997897296385283, -2.8990038269265455, -0.5426687144813087, 1.0),
(0.22336925075763503, -0.15175172623021638, 0.13357234782439065, -1.0),
(-0.0006427092614093924, -0.0002938261341769721, -0.0009366244058040818, 1.0),
(-0.4346353872796236, -0.06348986319926953, -0.3043467690932715, 1.0),
(0.2006817452080778, -0.13636350481140624, 0.12001448729146524, -1.0),
(-0.3848143642496318, -0.10692481311457414, 0.1638744285089917, -1.0),
(0.5225555853149615, 0.4572722561843108, -0.1688542053028499, 1.0),
(-0.03706541813087938, -0.3305733007204026, -0.02397557760929203, -1.0),
(8.020866502179615, -3.0743015777169376, -7.473429857182509, -1.0),
(0.16660654007134568, -0.0016949483381599462, 0.07407348162993266, -1.0),
(0.012344551337318155, 0.6238294271119997, 0.3436712388062375, -1.0),
(-7.1287929326377935, -7.034140727692147, -9.123016368991898, -1.0),
(0.7824147711061187, -1.6001457247381268, 0.787376900914694, 1.0),
(-0.3427352508677899, -0.09524955638497445, 0.14595054152579223, -1.0),
(0.35885490171418155, -0.47129635109190815, 0.1856253485869246, 1.0),
(-3.0466298033202978e-05, 1.517788226342953e-05, -0.00014076116919285384, 1.0),
(-0.006723943722370118, -0.028312450362972807, 0.01285919849566275, -1.0),
(0.19791282389259468, -0.1345107986910712, 0.1183436028249476, -1.0),
(0.21958675650359893, -0.4941025912789314, -0.4231815846625544, 1.0),
(-0.004839626023516175, -0.020381967945959367, 0.009257632506114444, -1.0),
(-0.01316439388455165, -0.05541929349437402, 0.025175923535465716, -1.0),
(0.47048277146031126, -0.8925764349180554, 0.43575381933347046, 1.0),
(-0.13947854855089759, 0.05917170058605592, 0.11474654233126103, 1.0),
(-0.15029122857392707, 0.26674450048592746, 0.14335129207817232, -1.0),
(0.07696014037709409, 0.024530329769524628, 0.03549649376006436, -1.0),
(-1.570268853548257e-06, -1.807030354942648e-08, 7.094327791103692e-07, 1.0),
(-0.008282662885774617, -0.03491068436847122, 0.015852838480480358, -1.0),
(0.11006548965133067, 0.03424652050827759, 0.05066066524595314, -1.0),
(5.5546497902426495, 1.5380673092469976, -2.373061068691271, -1.0),
(6.1749581414704835, -2.452702948316272, -5.711664688076439, -1.0),
(0.00017470705220574978, -0.00048266142839781256, -0.0007717415119826709, 1.0),
(-0.00432065966720388, 0.07733750869497458, 0.08193824956221452, 1.0),
(0.012284693792508072, 0.6385323015338784, 0.3515473977395267, -1.0),
(1.8349302248316945, -1.0391923321699608, 0.24868911038297448, 1.0),
(-0.051516744627978284, -0.5633060131873862, -0.4358780684025447, 1.0),
(0.19599035589120106, -0.13320523726718037, 0.11720615456232508, -1.0),
(0.0006913311421448687, -0.0001391004224068947, -0.001308137919661334, 1.0),
(-0.01209092514005683, -0.05092771729777068, 0.02313660199174994, -1.0),
(-0.43352745576574847, -0.12046157540186364, 0.18462084647894628, -1.0),
(-0.13724604347723535, 0.06933781960887231, 0.0766272794740539, -1.0),
(-0.4831318724365019, -0.1342478218696641, 0.2057422513347884, -1.0),
(0.7367851979362001, 0.16218512786754502, -0.3872077509856524, 1.0),
(0.22400817482013302, 0.1827910829104038, 0.2101223511681578, 1.0),
(-0.15892571411027578, -0.5971862207037937, -0.5039225014106989, 1.0),
(0.10756832617598633, 3.036204630788802, -2.0517031345723353, -1.0),
(0.19672186618054255, -0.13367768499406907, 0.11764125413581183, -1.0),
(-0.0039705047486121026, 0.06911626364099366, 0.07331231707529362, 1.0),
(0.372123923022853, -0.7281066363695743, -0.5212861611691473, 1.0),
(0.31542027057238187, -0.5654410974621698, 0.27431242192167105, 1.0),
(0.04074990272777557, -0.48434907738274546, 0.012516118462062131, -1.0),
(-0.00023931919040003427, 5.456263196833817e-07, 0.00015291298095907076, -1.0),
(-3.621246060801515e-05, -4.1106562252213587e-07, 1.6301879230821103e-05, 1.0),
(-0.2010696436332422, -2.6854501252884546, -0.5010329991489861, 1.0),
(0.19886182675241315, -0.1351292968039992, 0.11893424914484108, -1.0),
(5.956294880715826e-05, -5.560713364793866e-07, -9.235945412096325e-05, 1.0),
(0.5740812086630598, 0.5045461071257762, -0.18453324163312246, 1.0),
(-0.0098773487251691, -0.04161196703867276, 0.018900021478902573, -1.0),
(-1.8066701848092352e-07, 3.8654843523564125e-09, 1.157131703232402e-07, -1.0),
(1.2541491005572993, 2.0549745520684013, -1.7894188196423215, 1.0),
(-0.0026469796967817233, 3.839612813601244e-06, 0.0016866567832837798, -1.0),
(3.934136073485868e-05, 0.0004500340149520554, -0.0005730198840663003, 1.0),
(-0.03864731970578017, -0.3454357808800381, -0.024977623883270406, -1.0),
(-0.00012799551020713403, -0.0001895262507173312, -0.00035742927746655606, 1.0),
(0.04157100955080928, 0.007425816395143947, 0.029475644769831888, 1.0),
(-7.21883671419123e-05, 0.00011632088872951842, -0.00028042557380773825, 1.0),
(0.5268731151002228, 0.11594717492874462, -0.27690213691507637, 1.0),
(0.3466711599029537, -0.1815391903617254, 0.08461140823619306, -1.0),
(-5.301155479486947e-07, -1.166119550242284e-09, 2.6963437053919225e-07, 1.0),
(1.0342490990501593e-07, 0.00022831686522918442, -0.0002284522424450281, 1.0),
(-3.743356098213804e-07, 0.001272197285438481, -0.0012736049475983169, 1.0),
(0.03264450973305566, 0.005831981076250159, 0.02314707971010721, 1.0),
(-8.488552976298558e-07, 1.2429877449948709e-08, 5.419596329086192e-07, -1.0),
(-0.2505750865882064, 0.1070749743410655, 0.20605183261851323, 1.0),
(0.2080797448961169, -0.14138181243299464, 0.12443267255859425, -1.0),
(-0.565345031911324, 0.00728023492826968, -0.35052456352309136, 1.0),
(-2.546971979519263e-06, 2.2817934870249867e-08, 1.6287987510869926e-06, -1.0),
(0.1065253253705789, 0.03352852886452817, 0.04902496714876525, -1.0),
(0.3155992260470981, -0.1652760559507751, 0.07704702429648691, -1.0),
(-0.20165234751837247, -2.6929972708768872, -0.5024724355503594, 1.0),
(-7.841841273775046e-05, -9.21669814708554e-06, 2.7812471510832437e-05, 1.0),
(-0.1474892306082447, 1.3948345208924948, -1.127424490283211, -1.0),
(5.271030290309939e-05, 0.0008368577546711553, -0.001004625749000232, 1.0),
(1.089630489700717, 0.7557342196757943, -1.1067412099793472, -1.0),
(-6.431782506028522e-05, 5.423891961701607e-06, -0.00023850016321658174, 1.0),
(-0.007419189235308377, -0.0312698794274624, 0.01420596572166577, -1.0),
(-0.13227736514016897, 0.06688111374765526, 0.07386656410972137, -1.0),
(-0.13948783686372046, 0.07046061552684346, 0.07787210510438936, -1.0),
(-7.4187593275560175, -7.321055445417983, -9.494684100638892, -1.0),
(0.9465180430637901, 0.20834041723566266, -0.49744432752157053, 1.0),
(-1.2859404994315113, -0.4568992691090159, -1.0007337050911431, -1.0),
(0.00029877365207024893, 0.00018289563424353505, -0.0011688398231641112, 1.0),
(-0.1379621227381982, 0.058492228867908835, 0.11350107005483068, 1.0),
(-0.00668830687170735, -0.028167001549368686, 0.012795180885647905, -1.0),
(0.3574182931503458, -0.699583137207334, -0.501054498101908, 1.0),
(-0.5379847483517146, 0.004188973163909898, -0.33488869625184137, 1.0),
(0.06560036892471377, -0.050406512378422086, 0.08203464018458106, 1.0),
(-0.0002083609285594666, 8.005662048413001e-05, -0.0003087923762571613, 1.0),
(0.23093280806692462, 0.18852712167353403, 0.21663706023375795, 1.0),
(0.039176414188233366, -0.4653335733561903, 0.012027820720881266, -1.0),
(-0.0006548593466536579, 5.382261481467511e-06, 0.0004213275531569499, -1.0),
(0.00011803079327439917, 0.00030983594865025693, -0.0005666711629798288, 1.0),
(-0.2693407914435042, -0.011328553647146355, 0.12978534864904745, 1.0),
(0.03560460456722758, -0.4224651518479128, 0.010925724825972538, -1.0),
(-0.012272057594134855, -0.05169886502444543, 0.023486646909932074, -1.0),
(-3.7418329291737432e-06, 3.294931616361616e-08, 2.3944193147285736e-06, -1.0),
(0.029313803580139908, -0.3474676836900059, 0.009013215010510445, -1.0),
(-0.00016813739371136782, -1.3767803145106877e-05, -0.0003637011668873938, 1.0),
(0.00019989799031770727, 0.00043884266180424514, -0.0006676071400306821, 1.0),
(-0.04309827000928523, -0.38623740532491624, -0.02780839503961907, -1.0),
(0.873785654340864, 0.1923264454712026, -0.45921599841523886, 1.0),
(-0.0006380590357047307, -6.351923127051462e-05, -0.0012012929650993681, 1.0),
(5.563345421393841e-05, -9.239611198138403e-06, -0.00035324104213002583, 1.0),
(-0.005530111362220813, -0.023276302048469866, 0.010572474220756245, -1.0),
(-0.17160046637945925, 0.07310105404940259, 0.14111672977378475, 1.0),
(-0.00019143701518371456, -4.9473164122059224e-05, -0.0006509908610940335, 1.0),
(-2.4194162806620323e-07, 0.0004225468414311151, -0.0004228878082871354, 1.0),
(0.0004231086992022466, -0.00020789095012276135, -0.0010336528990951624, 1.0),
(-0.14302802975348516, 0.060742194230251734, 0.11766019998100852, 1.0),
(9.225135534021039e-06, -1.0703428389042266e-05, -4.058756657920274e-05, 1.0),
(0.8554112043603368, 0.1882936131112416, -0.44954120811081566, 1.0),
(0.4570789946768059, -0.8499473272552933, 0.41429719491188166, 1.0),
(-0.03756177462979293, 0.34730670196458036, -0.28104627575671337, -1.0),
(0.00048790044348955355, 0.00012052824727597049, -0.0006836218166616018, 1.0),
(0.19620747612921363, -0.1333314012286113, 0.1173380089166951, -1.0),
(-1.6355195489625615e-06, 2.2857730329302275e-08, 1.0443351598860766e-06, -1.0),
(0.03397333804535618, 0.006069195383948456, 0.024084756617738456, 1.0),
(0.0002439993668284235, -0.00020737436693618605, -0.0005066474176319558, 1.0),
(-0.02256527386004792, -0.006094701007937353, 0.006534652853426581, 1.0),
(1.3487561266156831, 0.9276737806838895, -1.3686342552165343, -1.0),
(0.03983683787549097, -0.47353716712996174, 0.01222618462542524, -1.0),
(-0.03906430790741089, -0.35050494238920393, -0.02526164813626708, -1.0),
(-0.0069202140021973335, -0.029139813770097334, 0.013233784554545602, -1.0),
(-0.013863461811160604, -0.05837355758527707, 0.026517983944595258, -1.0),
(0.5807661589537787, 0.5189210245673053, -0.1823880510690632, 1.0),
(-8.391272028255778e-05, -0.000491664199873329, -0.0005755874477027939, 1.0),
(-3.205484083531511e-05, 1.2332950570376742e-07, 2.0502067612090556e-05, -1.0),
(-0.6286171674897645, 0.09072604685184338, -0.37663644153713705, 1.0),
(0.030317688742676374, 0.00541096956319953, 0.021493483222600362, 1.0),
(-0.03837670773092583, -0.3421284619530347, -0.024794917809204176, -1.0),
(-0.48328090546043256, -0.07195067034200697, -0.33900263313164203, 1.0),
(5.550120749158339, 1.5369021383399968, -2.371140871793159, -1.0),
(-0.0029742471661084458, -0.012532894339474243, 0.005690692215775672, -1.0),
(6.081375513236367, -2.3579167849901523, -5.690245217968936, -1.0),
(-0.00010885824212326749, -0.0002183298969153577, -0.000750563681618896, 1.0),
(3.0087826445086705, 4.947971368506842, -4.299129477441198, 1.0),
(-0.16250006820656182, 0.28839955178564125, 0.15498642560831755, -1.0),
(-0.0371920081616679, -0.3315430988822641, -0.024025766760345846, -1.0),
(-0.14468204213291536, -0.5460999759571905, -0.4603766756595107, 1.0),
(-0.009234681770787456, 0.1072654574484666, -0.002956657378724137, -1.0),
(-0.0035490072347403034, -0.014927889737130773, 0.006779344824330957, -1.0),
(0.1880018279601643, -0.12776308944684445, 0.11241890166932933, -1.0),
(-0.16079505882844458, 0.28538980914085244, 0.15337271535615926, -1.0),
(0.24595472643311211, 0.21836227354130955, 0.23438221409711701, 1.0),
(-0.003170713590476243, -0.01334025832055541, 0.006054301167970455, -1.0),
(0.24593451034675695, 0.20885626370882449, 0.23222582371713685, 1.0),
(0.3001908499798702, -0.11535919606137668, 0.08438850445621249, -1.0),
(-1.3564029482019508e-06, 1.548953307337554e-08, 8.681121869566163e-07, -1.0),
(0.10737431071095216, 0.03363411669545302, 0.049413616793464676, -1.0),
(0.011603757979826712, 0.604054549150721, 0.3325684645208149, -1.0),
(-0.0001277016204431214, 0.0003932444320531858, -0.000520955162788439, 1.0),
(0.10915224343919405, 3.078127611533361, -2.0798594443591867, -1.0),
(-0.008344191432106074, -0.03511325490950412, 0.015952898639293167, -1.0),
(-0.00012026235928161173, 4.64176784546865e-07, 7.703015343550829e-05, -1.0),
(3.1802590110762384e-05, -0.00026868360651369216, -0.0003004862794079438, 1.0),
(-0.0004559922161073704, -0.0001845304259603421, -0.0009588378031104988, 1.0),
(0.4235147071628802, 0.6706121643676113, 0.47524158049864695, 1.0),
(0.04033742917699534, -0.4792298899223937, 0.012382727094868429, -1.0),
(5.511860872195462e-05, -0.0007371072457176137, -0.0008446458185321359, 1.0),
(0.03554237644171043, 0.00635460766860696, 0.02520190514347087, 1.0),
(0.16217508136105785, -0.0016715760857313744, 0.07208666767893224, -1.0),
(-0.4432140970533105, -0.05168664150787983, -0.3004219437146993, 1.0),
(0.1059738851620633, 0.03367775726948308, 0.048862526976596765, -1.0),
(0.7959083704412677, -1.6292276742019425, 0.8018020764938143, 1.0),
(-0.31333875689739443, -0.013204814699723677, 0.1510001028179957, 1.0),
(0.19024042034504873, -0.12929427359600965, 0.11376131570370518, -1.0),
(3.1761769500411656e-06, 2.7092473454980778e-05, -3.4340073876716485e-05, -1.0),
(-0.03710297460806977, -0.33118868369513166, -0.02400370289215914, -1.0),
(1.3209481299521209e-05, -6.0497041084897705e-06, -2.9230392658181892e-05, 1.0),
(0.7750333172732411, -1.5848434691771018, 0.7798518800903125, 1.0),
(-1.2768677310206158, -0.45510374155611544, -1.0010652098549144, -1.0),
(0.1165475453028666, 0.03476575284972849, 0.05363491727736358, -1.0),
(-0.16340164470835106, 0.290003100497529, 0.15584920204256036, -1.0),
(-4.366897028747704e-08, 8.475944781881699e-08, 6.197288211710664e-08, 1.0),
(0.00017676755000311378, -0.0005118828390534499, -0.0008467617058498939, 1.0),
(-0.007244626872979221, 0.08399853782067979, -0.002333590340814068, -1.0),
(0.028564784165858725, 0.005096772474958211, 0.020249903017174997, 1.0),
(0.21972858701007958, -0.14927169172360255, 0.13139478060236076, -1.0),
(-0.04213735171362343, -0.37747244818699244, -0.027208856953932825, -1.0),
(0.6656641189916854, 0.14652643055976, -0.3498187402511803, 1.0),
(9.212222859553403e-05, 0.00107113034421117, -0.0011633394533673985, 1.0),
(-0.0004602657379501607, 1.1478144860573285e-06, 0.00029448453220111415, -1.0),
(-0.00014222617502427162, -1.744809857777115e-05, -0.0002637058637184903, 1.0),
(-0.5340256034635296, 0.04892019414244908, -0.3241303776574078, 1.0),
(-0.1563631746929559, 0.27751865121568997, 0.14914785036953404, -1.0),
(0.21755363084465174, 0.1755812701847077, 0.20372059946283727, 1.0),
(-0.155386163796436, 0.06608935047501063, 0.1278009643164637, 1.0),
(3.5796536595244645e-07, 0.0011586657235860554, -0.0011612922024411693, 1.0),
(8.824131791481761, -3.6074143969146633, -8.311550229632587, -1.0),
(0.9103814221209632, 0.6329488869101283, -0.9248518210076782, -1.0),
(-0.14150898718813387, 0.06001624050248644, 0.11639203945032861, 1.0),
(5.6596795587721474e-05, 6.239620102644044e-06, -7.976694908705395e-05, -1.0),
(0.10132628706059776, 0.03173251241995967, 0.04662323961583592, -1.0),
(-8.292097384048546e-05, 0.00020973390365457492, -0.0003175596004270035, 1.0),
(-0.00023809645231468238, 3.157100910288843e-07, 0.0001522895113143085, -1.0),
(-0.46434514566669804, -0.06828167786706274, -0.3250381138528269, 1.0),
(0.1749824759985641, -0.0017668962166452334, 0.07779717090163984, -1.0),
(-0.3946331118307711, -0.05884340457259718, -0.2769583646463758, 1.0),
(-0.01260287268609811, -0.05309358446580492, 0.024113470128049985, -1.0),
(-0.04010313484692496, -0.3576193918071624, -0.025904230249018667, -1.0),
(1.3967118137792772e-05, -0.00016838907014063344, -0.00026629809901383, 1.0),
(-0.0002717287675606684, -0.00023254265496262284, -0.0005042983959343099, 1.0),
(2.610189297365181e-07, 0.0007538768109863897, -0.0007545280948560024, 1.0),
(-0.0013208778374018681, 0.014382656915743475, -0.00045319252438946744, -1.0),
(-0.35851194079140214, -0.6265817296995309, 0.33931747426223247, 1.0),
(-0.09591710202859449, 0.9102501072995892, -0.7357078517424398, -1.0),
(0.1702278839032143, -0.001727719733935984, 0.07567680534952181, -1.0),
(-0.014159461079232827, -0.05962420695504722, 0.027086806926896023, -1.0),
(0.19120333371182685, -0.12994861603703, 0.11433807965226972, -1.0),
(0.0005478303361856965, -0.0005940848635363066, -0.0011404555648740627, 1.0),
(0.7652088682044393, 0.530671491109274, -0.777121805137142, -1.0),
(-6.895242688929534e-05, -0.00010955105545374516, -0.00017851853698416797, 1.0),
(-0.4024444961555389, -0.010173960038366126, -0.25426072828887136, 1.0),
(0.0657628339600751, 0.020921448672785226, 0.030341032907181598, -1.0),
(-0.48043447844439413, -0.0707124212832202, -0.33660229310918055, 1.0),
(0.08211916781288409, 0.0262634049082644, 0.03786651934528429, -1.0),
(-0.000256912676406585, -0.0003236747122303228, -0.0005805937528875343, 1.0),
(0.012088770311617925, 0.6143813097398549, 0.33843829000700865, -1.0),
(-0.03709032796119782, -0.3308313332974322, -0.023987639732880872, -1.0),
(-0.33258059178089994, -0.09243796780881741, 0.14162379259612656, -1.0),
(-0.41439206658893113, -0.021132307721390964, -0.2652494897328417, 1.0),
(0.13030138942674796, 0.03544648874049927, 0.060091036592397895, -1.0),
(0.7037359184202785, 0.15490607043648907, -0.36984505972128545, 1.0),
(-0.16754899274667778, -0.6286317461842117, -0.5303635225841319, 1.0),
(-0.0005830457824278525, -0.0002654516968941204, -0.0009733151594118541, 1.0),
(0.2287823993144258, -0.5148249849457862, -0.44089834448078236, 1.0),
(-0.23777624789118867, 0.1016138161779705, 0.19552100949624052, 1.0),
(-0.011330150120644367, -0.047684099630219245, 0.021660533454884945, -1.0),
(0.0004873078566230635, 0.00023827605412730934, -0.0007820366741398965, 1.0),
(0.00015126681482202642, -0.00011252980914910893, -0.0002794961631669146, 1.0),
(-0.006743073450638182, -0.028397963539458004, 0.01289977090122496, -1.0),
(-1.902893227145354e-05, 8.356432556270478e-06, -3.250360151947976e-05, -1.0),
(-0.15305834377321403, 0.27168187229389673, 0.1459965648176791, -1.0),
(-0.1554715740965138, -0.582581485347827, -0.4917372358804748, 1.0),
(-0.0789766214937524, -0.8275020043452486, -0.6405201574997221, 1.0),
(-0.1563356085587202, 0.2774921069439529, 0.1491290023534333, -1.0),
(-0.00015159691192985318, -0.0003755876377788299, -0.0009520072825048992, 1.0),
(0.12727740756650618, 0.03463471387730177, 0.05869563373568365, -1.0),
(0.33985101538271323, -0.17799225319927459, 0.0829912917204787, -1.0),
(0.19679816898241143, -0.13377722092945277, 0.1176846279102044, -1.0),
(0.5913221705736547, -1.1749226320318087, 0.576155541215094, 1.0),
(0.04572620131469751, -0.5436636397629755, 0.014043684757881869, -1.0),
(2.7368276854122797e-05, -0.0003564533915487722, -0.0008408090875837715, 1.0),
(-0.0048604766111155495, -0.020503904771564274, 0.009307777371470427, -1.0),
(-1.1994417874532266e-05, 6.504482451398233e-08, 7.670584883145808e-06, -1.0),
(-0.47379433602266374, -0.06928653825382369, -0.33150776524242076, 1.0),
(-0.15852121874316083, 0.06736076910248467, 0.1304149539108348, 1.0),
(0.19534277133614264, -0.1327297439160704, 0.1168225250784376, -1.0),
(0.10407072451369981, 0.033138798191524765, 0.04796568636536058, -1.0),
(0.32217249620636323, -0.16872348574867857, 0.07863336395019793, -1.0),
(0.12918124305641676, 0.03816112066284871, 0.05949705683676498, -1.0),
(-0.3538266197563189, -0.6184472503417737, 0.3349012944275529, 1.0),
(0.3745467215114484, 3.0338661083378327, -0.7248530489068727, 1.0),
(0.9591651140696911, 0.2111281857824281, -0.5040874751444306, 1.0),
(0.00015381066779581593, -8.497194679971468e-05, -0.0003948694680358106, 1.0),
(-0.008245955741648936, -0.034759438635693085, 0.015785626520000706, -1.0),
(-0.4783843019869387, 0.07473505498864874, -0.2854169930023822, 1.0),
(6.376083276664651e-16, -1.0578499589208858e-18, -7.083905093874199e-16, -1.0),
(0.19265748692314588, -0.13093528465389426, 0.115210349126599, -1.0),
(-0.0095106719117527, -0.0400656114252218, 0.018200024101744372, -1.0),
(-0.0012042438661525393, 1.4304432159711043e-06, 0.0007695415437536067, -1.0),
(-0.2507113270064707, 0.1072513801341266, 0.20613317057701153, 1.0),
(0.22834365615548435, 0.30318163487656236, 0.24480150420409608, 1.0),
(-0.00030469671001143867, -0.000344312398126604, -0.0006490495726114709, 1.0),
(-0.005227497257237701, -0.022002088057402558, 0.009994289591998884, -1.0),
(-1.940633047701853e-08, 0.0003206794695268904, -0.000320854143615424, 1.0),
(0.012068115761216802, 0.612376687380447, 0.3373268654519279, -1.0),
(0.13345543632852674, 0.03696299847911799, 0.0614914819955974, -1.0),
(-0.011347862685344157, -0.047773371224066885, 0.02170419256171341, -1.0),
(-3.904183217263383e-05, -2.8944068546175178e-05, -0.00017150265322469008, 1.0),
(-0.03688320417076474, -0.3291529454754496, -0.02385685149658867, -1.0),
(-0.041873601388373594, -0.3747423258146192, -0.02702009565078045, -1.0),
(-0.03799557657130581, -0.33873634752763593, -0.024545967016527115, -1.0),
(0.00013323311348780592, -0.00047288150112480276, -0.0010068611182950382, 1.0),
(-0.004999046760334747, -0.02106958266334691, 0.009573602143976512, -1.0),
(-0.00029765399091608025, -0.00015299474961594228, -0.001046499477987961, 1.0),
(-1.3966473266764439, 0.9173236622421115, -1.0234151200888135, 1.0),
(0.1927828679318253, -0.13101710815199574, 0.11529358380159538, -1.0),
(-0.01185136088903832, -0.0499193353617311, 0.022675768511828953, -1.0),
(-0.1613012116732726, 0.2862763026567805, 0.15385498370603656, -1.0),
(-2.1855525233031045e-06, 1.82765929646872e-08, 1.3989321302277838e-06, -1.0),
(0.5504916119720065, 0.481580924507405, -0.17810576062994699, 1.0),
(0.03620682065375558, 0.006474287859867589, 0.0256730292548486, 1.0),
(-0.00048626476295830084, 8.449454099287225e-07, 0.00031051759272616303, -1.0),
(0.11721430013659528, 0.09323426675292978, 0.10962609073125407, 1.0),
(0.10238054431205157, 0.08135715201885674, 0.09576822478823743, 1.0),
(0.140620573780728, 0.04149916494244499, 0.06478272095397752, -1.0),
(0.035717165722044086, -0.42416733473205426, 0.010966955651229071, -1.0),
(0.3535880042828481, -0.13593116714466902, 0.09943160680449203, -1.0),
(0.29383854740607873, 2.379140965808631, -0.5680697467921512, 1.0),
(0.00027478534976357535, -3.9536386529105336e-05, -0.0008425972051628317, 1.0),
(0.13971412288499252, 0.03872332556934022, 0.06440428208496307, -1.0),
(-0.13284231537514124, 0.05631862620106798, 0.1092756113343416, 1.0),
(-0.0005840082353567692, -0.00021477692073622323, -0.0007988127067655483, 1.0),
(-0.08828761861937817, -0.7530946547673523, -0.5883713367270005, 1.0),
(6.917283131641511, -2.72353278276465, -6.501313647761151, -1.0),
(-5.9428517355902735e-05, -0.00033448286045984973, -0.0007209553469555291, 1.0),
(-0.00022030184077877733, 0.0005904407429316513, -0.0008107554551974212, 1.0),
(-0.00035888185693061514, 2.8473636767665936e-07, 0.00022937586744134486, -1.0),
(5.485361639873988e-05, 0.0006411107035016184, -0.0007264514458204217, 1.0),
(1.5569195600711517e-07, 0.00043007971052835825, -0.0004303378638258054, 1.0),
(0.011802862116931934, 0.5999096345221062, 0.33048391473851524, -1.0),
(-0.012499498159133537, -0.05260156878520661, 0.023899753130926626, -1.0),
(-1.4607345354173025e-05, 8.693840477719261e-05, -0.0003115209742507452, 1.0),
(-0.46276439716251616, -0.128590386981017, 0.19707187608176469, -1.0),
(-1.6413814460520797, -0.5828007581939048, -1.2775342620526828, -1.0),
(0.00026681361390655, -0.0006478686297975433, -0.0012042939828354332, 1.0),
(0.12166761738357756, 0.03631581175958898, 0.055988748113861675, -1.0),
(-0.1879922398972944, -2.515255521540638, -0.46904005237990987, 1.0),
(0.00012087554084618847, 0.0003209869935572318, -0.0008784896710487405, 1.0),
(0.239001266804042, 0.1994127766439142, 0.22504887178826039, 1.0),
(-0.00629040316182361, -0.026488219997072404, 0.012031144773433922, -1.0),
(-0.0005915113958858687, 8.336382522701469e-05, -0.0007690498299001147, 1.0),
(-0.001066901830054534, -8.653734936267532e-05, -0.0012489655340308659, 1.0),
(-2.1340324055733537e-05, -0.00035987959599276254, -0.000867825865849714, 1.0),
(-0.0054804009742778215, -0.023069392883457773, 0.010478604141429593, -1.0),
(-7.447592668793001e-05, 2.343591224417789e-07, 4.761674791470467e-05, -1.0),
(-0.01344957095414756, -0.0005400994762050915, 0.006578929876143391, 1.0),
(0.198954130766821, -0.13519710761282866, 0.11898144714817338, -1.0),
(0.008746320443788758, -0.08261063349211284, 0.046458356254688304, -1.0),
(-0.1480573687631903, 0.2627913509625657, 0.14122627519018494, -1.0),
(-0.15355140521118926, 0.27250543142366723, 0.146448872173508, -1.0),
(1.553876060914486e-07, 0.0009655885500977346, -0.0009675410725190625, 1.0),
(0.10540225102292311, 0.03130197532676515, 0.04852209290897136, -1.0),
(-0.0009463549174934249, 8.173894994664417e-07, 0.0006034032808002604, -1.0),
(-6.959413010876976e-06, 4.945116844414649e-05, -0.00010264141412849592, 1.0),
(0.11796062953304265, 0.03665664216785358, 0.05428658347377624, -1.0),
(-0.141989504439616, -0.5297477402694852, -0.4474603748057788, 1.0),
(-0.0003587845099281735, -9.060403306610475e-05, -0.000562232099104068, 1.0),
(0.8066017687163196, 0.17756374028665078, -0.4238826659336894, 1.0),
(-0.44696779768592876, -0.06582158072797384, -0.3132103100240755, 1.0),
(0.09134383248767808, 0.02908690147140902, 0.042116724518925786, -1.0),
(-0.0002617013955089863, 6.046952604824222e-07, 0.00016714226674484876, -1.0),
(-0.05145390828546015, -0.5562957504728452, -0.43056029616044, 1.0),
(-0.010991674762606651, -0.04631138259568335, 0.021033213057421563, -1.0),
(-1.3479964936468779e-05, -0.00020360315258031482, -0.0004607306726061647, 1.0),
(0.10331715080624804, 0.03214768989532324, 0.04756220728834304, -1.0),
(-0.38052789880549653, -0.10575197789812663, 0.16205150715790495, -1.0),
(0.2041688465955449, -0.13871412459291577, 0.1220932234438159, -1.0),
(-0.03599325291946709, -0.32079204979708464, -0.023284335789815813, -1.0),
(0.12310615530130242, 0.5083823418965672, -0.23469040342752479, -1.0),
(0.20281513838227738, 0.1622653812238184, 0.18967353769269835, 1.0),
(0.24489931606684578, 0.21642221041001264, 0.23304488957990088, 1.0),
(0.40068220273982114, -0.9070010382891809, -0.7750228365399785, 1.0),
(0.03983880383875782, 0.007115967243104759, 0.02824604275257947, 1.0),
(-0.31269536385678975, -0.013175708525743568, 0.15069734733497953, 1.0),
(-0.1525007981004478, 0.27068699936478424, 0.14545990916246865, -1.0),
(-0.15895239158720642, -0.5916965682939122, -0.5000632242172998, 1.0),
(0.6182602965643333, 0.5808231285716552, -0.17872404403001863, 1.0),
(0.5359036111315163, 0.46884041708153745, -0.17333272755820417, 1.0),
(-0.3377844110306327, -0.09387922008980532, 0.14384457669429196, -1.0),
(-0.0007125371332033711, 0.00025693642673628794, -0.001297943378487161, 1.0),
(0.0001815354832681096, 1.2213281408999035e-06, -0.0005906295106437517, 1.0),
(-0.1970427374000039, -2.6367922742353755, -0.491681560864059, 1.0),
(-0.006829109673945899, -0.028742660490122862, 0.013055702680307535, -1.0),
(-6.313947739022764e-06, 3.739988760213409e-08, 4.036336099531493e-06, -1.0),
(-0.3367212970927369, -0.09358044161150492, 0.14338864324792944, -1.0),
(-0.00010456823796299152, 1.982831616182876e-05, -0.00012440081129089404, 1.0),
(-0.03715194432626845, -0.3314972608306874, -0.024046228093332456, -1.0),
(-0.006211981345736528, -0.026166763804978288, 0.011885001746942514, -1.0),
(-0.5121314248750508, -0.07528092926438745, -0.3583452336724946, 1.0),
(0.0005935750776360771, 9.059748282974622e-05, -0.0010000748043017677, 1.0),
(-0.011691896086222009, -0.04919283882104253, 0.022351368978670294, -1.0),
(-0.17209727474629855, -0.6473091561115645, -0.5460518408235764, 1.0),
(2.5731791603999556e-05, -0.00047059615387344544, -0.0005058398835366441, 1.0),
(-0.15117642417699262, 0.0642293365220441, 0.1243700484032475, 1.0),
(0.10753519365253794, 0.44481778443071107, -0.2053204669599893, -1.0),
(-2.837407956387747e-06, 3.028825689365376e-08, 1.8112699221467e-06, -1.0),
(0.35710354742377604, -0.6442079918722357, 0.3130173669380838, 1.0),
(2.899940022544744e-05, 0.00031172632299256847, -0.0003590791327601414, 1.0),
(-0.010718648677682352, -0.045160233835704666, 0.02051114902021345, -1.0),
(-4.9427216297943206e-05, -1.2828903919196648e-05, -0.00020174942843734743, 1.0),
(0.1347505260858206, 0.036817709915204055, 0.0620962678428052, -1.0),
(-0.18257926560848858, 0.0778335412633524, 0.15007507922214458, 1.0),
(-0.17587686195552443, -2.3885270758611057, -0.4437533513659986, 1.0),
(0.13608723829936764, 0.0377106108979266, 0.06271667294092964, -1.0),
(-0.00018341415144257616, -0.0001240278366580836, -0.00034170522871521114, 1.0),
(-0.00017394266929259689, 0.00017075586882464577, -0.0006353462713064167, 1.0),
(0.1937320179079105, -0.13167262534534707, 0.11585211678588614, -1.0),
(-0.0054950149336829845, -0.023127932525507378, 0.01050574476763877, -1.0),
(0.00019242738356158116, 0.0004790320726836446, -0.0007303740638528351, 1.0),
(0.33675279661578017, -0.17635797774068962, 0.08220120287504518, -1.0),
]