sample_text=men blue shirt
normalized=men blue shirt
char3gram_count=12

[image tokens: 0~15]
00 00 00 00 00 00 00 00 00 00 00 00 00 00 00 00 00 00 00 00 00 00 00 00 00 00 00 00 00 00 00 00 00 00 00 00 00 00 00 00 00 00 00 00 00 00 00 00 00 00 00 00 00 00 00 00 00 00 00 00 00 00 00 00
00 00 00 00 00 00 00 00 00 00 00 00 00 00 00 00 00 00 00 00 00 00 00 00 00 00 00 00 00 00 00 00 00 00 00 00 00 00 00 00 00 00 00 00 00 00 00 00 00 00 00 00 00 00 00 00 00 00 00 00 00 00 00 00
00 00 00 00 00 00 00 00 00 00 00 00 00 00 00 00 00 00 00 00 00 00 00 00 00 00 00 00 00 00 00 00 00 00 00 00 00 00 00 00 00 00 00 00 00 00 00 00 00 00 00 00 00 00 00 00 00 00 00 00 00 00 00 00
00 00 00 00 00 00 00 00 00 00 00 00 00 00 00 00 00 00 00 00 00 00 00 00 00 00 00 00 00 00 00 00 00 00 00 00 00 00 00 00 00 00 00 00 00 00 00 00 00 00 00 00 00 00 00 00 00 00 00 00 00 00 00 00
00 00 00 00 00 00 00 00 00 00 00 00 00 00 00 00 00 00 00 00 00 00 00 00 00 00 00 00 00 00 00 00 00 00 00 00 00 00 00 00 00 00 00 00 00 00 00 00 00 00 00 00 00 00 00 00 00 00 00 00 00 00 00 00
00 00 00 00 00 00 00 00 00 00 00 00 00 00 00 00 00 00 12 15 15 15 15 15 15 15 15 15 12 15 15 15 15 15 00 00 00 00 00 00 00 00 00 00 00 00 00 00 00 00 00 00 00 00 00 00 00 00 00 00 00 00 00 00
15 00 00 00 00 00 00 00 00 00 00 00 00 00 00 00 00 00 00 00 00 00 00 00 00 00 00 00 15 15 15 15 15 00 00 00 00 00 00 00 00 00 00 00 00 00 00 13 00 00 00 00 00 00 00 00 00 00 00 00 00 00 00 00
00 00 00 00 00 00 00 00 00 00 00 15 15 15 15 15 15 15 15 15 15 15 00 00 00 00 14 14 14 00 00 00 00 00 00 00 00 00 00 00 00 00 00 00 00 00 00 00 00 00 00 00 00 00 00 00 00 00 00 00 00 00 00 00
00 00 00 00 00 00 00 00 00 00 00 00 00 00 00 00 00 00 00 00 00 00 00 00 00 00 00 00 00 15 14 00 00 00 00 00 00 00 00 00 00 00 00 00 00 00 00 00 00 00 00 00 00 00 00 00 00 00 00 00 00 00 00 00
00 00 00 00 00 00 00 15 15 15 14 14 15 15 15 15 15 15 15 12 15 15 15 15 15 15 15 15 15 14 15 15 15 15 15 15 15 14 00 00 00 00 00 00 00 00 00 00 00 00 00 00 00 00 00 00 00 00 00 00 00 00 00 00
00 00 00 00 00 00 00 00 00 00 00 00 00 00 00 00 00 00 00 00 00 00 00 00 00 00 15 14 14 00 00 00 00 00 00 00 00 15 15 15 00 00 00 00 00 00 00 00 00 00 00 00 00 00 00 00 00 00 00 00 00 00 00 00
00 00 00 00 00 00 00 00 00 00 00 00 00 00 00 00 00 00 00 00 00 00 00 00 00 00 00 00 00 00 15 15 15 15 14 14 00 00 00 00 00 00 00 00 00 00 00 00 00 00 00 00 00 00 12 12 00 00 00 00 00 00 00 00
00 00 00 00 00 00 00 00 00 13 00 00 00 00 00 00 00 00 00 00 00 00 00 00 00 00 00 00 00 00 00 00 00 00 00 00 00 00 00 00 00 00 00 00 00 00 00 00 00 00 00 00 00 00 00 00 00 00 13 00 00 00 00 00
00 00 00 00 00 00 00 00 00 00 00 00 00 00 13 00 00 00 00 00 00 01 01 01 01 00 00 00 00 00 00 00 00 00 15 15 15 15 15 15 15 00 00 00 00 00 00 00 00 00 00 00 00 00 00 00 00 00 00 00 00 00 00 00
00 00 00 00 00 00 00 00 00 15 00 00 00 00 00 00 00 00 00 00 00 00 00 02 00 00 00 00 00 00 15 15 15 15 00 00 13 00 00 00 00 00 00 00 00 13 00 00 00 00 00 00 00 00 00 00 00 00 00 00 00 00 00 00
00 00 00 00 00 00 00 00 00 00 00 00 15 14 14 14 14 15 15 15 14 12 14 12 14 14 15 15 00 00 00 00 00 00 00 00 00 00 00 00 00 00 00 00 00 00 00 00 00 00 00 00 00 00 00 00 00 00 00 00 00 00 00 00
00 00 00 00 00 00 00 00 00 00 00 00 12 00 00 00 15 15 15 15 01 01 01 01 01 01 01 01 01 01 01 00 13 00 00 00 00 00 00 00 00 00 00 00 00 00 00 00 00 00 00 00 00 00 00 00 15 00 00 00 00 00 00 00
00 00 00 00 00 00 00 00 15 12 12 14 00 00 00 00 00 00 00 02 00 00 00 00 00 00 00 00 00 00 00 00 00 00 00 00 13 00 00 00 00 13 04 00 10 14 15 14 14 12 14 00 00 00 00 00 00 00 00 00 00 00 00 00
00 00 00 00 00 00 13 00 14 15 14 01 02 02 01 00 00 00 00 00 00 13 13 00 00 00 00 00 00 00 00 00 00 00 00 00 00 00 13 00 12 15 12 12 12 12 00 00 00 15 15 15 01 01 01 00 00 00 00 00 00 00 00 00
00 00 00 00 00 00 00 13 03 15 15 15 15 15 15 15 15 15 15 15 15 15 15 15 15 12 12 14 14 15 15 15 14 00 00 00 00 00 00 00 00 00 00 00 00 00 00 00 13 00 00 00 00 00 00 00 00 00 00 00 00 00 00 00
00 00 00 00 00 13 15 12 00 00 00 15 15 12 12 12 14 15 00 00 00 00 00 00 00 00 01 13 00 02 00 00 00 00 00 00 00 00 00 00 00 00 00 14 00 00 00 00 00 00 00 00 00 00 00 00 00 00 00 00 00 00 00 00
00 00 00 00 00 00 00 00 00 01 00 00 00 00 01 01 01 01 01 01 01 02 02 01 01 02 02 01 01 01 01 01 01 01 00 00 00 00 00 00 00 00 00 00 00 00 00 00 00 00 00 00 00 00 00 00 00 00 00 00 00 00 00 00
00 00 00 00 00 15 15 15 15 15 15 00 00 00 00 00 00 00 00 00 00 00 00 00 00 01 01 00 15 15 15 15 15 15 00 01 00 00 00 00 00 00 00 00 00 00 00 00 00 00 00 00 00 00 00 00 00 00 00 00 00 00 00 00
00 00 00 00 00 01 15 15 00 00 00 00 00 00 01 01 01 01 01 01 01 01 01 01 01 02 02 02 01 00 00 13 00 00 00 00 00 00 00 00 00 00 00 00 00 00 00 00 00 00 00 00 00 00 00 00 00 00 00 00 00 00 00 00
00 00 00 00 00 00 00 00 00 13 00 00 00 00 00 00 00 00 00 00 00 00 01 01 15 14 15 15 15 15 15 15 15 12 15 00 00 00 00 00 00 00 01 02 03 00 00 00 00 00 00 00 00 00 00 00 00 00 00 00 00 00 00 00
00 00 00 00 00 00 02 02 02 02 01 01 01 02 03 03 01 00 00 00 00 01 01 03 02 01 01 01 01 13 00 13 00 00 00 13 01 01 02 01 00 00 00 00 00 00 00 00 00 00 00 13 00 00 00 00 00 00 00 00 00 00 00 00
00 00 00 00 00 00 13 02 02 01 00 00 00 00 00 00 01 02 02 02 03 02 02 01 01 01 05 13 00 00 15 15 15 12 00 00 00 00 00 00 00 01 01 01 01 01 01 14 00 00 00 00 00 00 15 14 00 00 00 00 00 00 00 00
00 00 00 00 00 00 00 00 00 00 00 01 00 00 00 00 01 01 01 01 01 01 01 00 00 00 00 00 00 00 00 01 00 00 00 00 00 00 13 00 00 00 00 00 00 00 00 00 00 00 00 00 00 00 01 15 15 15 12 00 00 00 00 00
00 00 00 00 13 00 00 00 00 00 01 01 01 01 01 01 00 00 00 00 00 00 00 01 01 00 00 00 00 00 00 15 15 15 15 15 15 15 15 12 14 15 12 00 00 00 00 00 00 00 00 00 00 00 00 00 00 00 00 00 00 00 00 00
00 00 00 00 00 00 02 02 02 02 00 00 00 00 00 00 00 00 00 00 00 00 00 00 00 00 01 01 01 01 01 13 00 00 00 00 00 00 00 00 00 13 00 00 00 00 00 00 00 00 00 00 00 00 00 00 00 00 00 00 00 00 00 00
00 00 00 00 00 00 00 00 00 02 01 02 02 00 02 02 02 02 00 00 00 00 15 15 12 00 00 00 00 00 01 01 00 00 00 00 00 00 00 01 00 00 00 01 01 01 00 00 12 12 00 00 00 00 00 00 00 01 01 01 01 01 00 00
00 00 00 00 00 00 00 00 00 00 01 01 01 01 01 01 01 01 01 01 01 01 01 00 00 00 00 15 15 15 15 15 15 15 15 15 15 15 15 15 12 12 12 00 00 15 00 00 00 00 00 00 00 00 00 00 00 00 00 00 00 00 00 00
00 00 00 00 00 02 01 01 01 00 00 00 00 00 00 00 00 01 01 01 01 02 03 00 15 12 00 00 00 13 01 01 00 00 15 15 15 00 00 15 12 00 00 00 00 00 00 00 00 00 00 00 00 00 00 00 00 00 00 00 00 00 00 00
00 00 00 00 00 00 00 00 00 00 00 01 01 00 13 00 00 00 00 00 00 01 01 01 02 01 01 02 01 00 01 01 01 01 01 01 13 00 00 03 04 02 02 02 01 01 01 13 00 00 00 00 00 00 00 00 00 00 00 00 00 00 00 00
00 00 00 00 00 00 00 00 15 15 00 00 00 00 01 01 01 01 02 01 01 01 01 01 02 02 01 01 01 01 01 02 02 02 01 00 00 00 00 00 00 12 00 00 00 00 00 00 00 00 00 00 00 00 00 00 00 00 00 00 00 00 00 00
00 00 00 00 00 00 15 15 00 00 00 00 15 15 15 00 02 02 02 02 02 00 00 00 00 00 00 00 00 15 02 00 00 00 00 00 00 00 00 06 04 13 13 00 00 00 00 00 00 13 00 00 00 00 00 00 00 00 00 00 00 00 00 00
00 00 00 00 00 00 00 01 01 01 02 00 07 15 15 15 14 12 12 12 12 02 00 00 00 00 00 00 00 00 00 00 00 00 00 00 00 00 00 00 00 00 00 00 00 00 00 00 00 02 01 01 01 01 01 01 01 01 01 01 01 01 00 00
00 00 00 00 00 00 00 00 13 00 00 00 00 00 00 00 13 13 14 15 12 01 01 01 01 01 01 01 00 15 00 00 01 01 01 01 01 15 15 15 14 01 00 00 00 00 00 00 00 00 00 00 00 00 00 00 00 00 00 00 00 00 00 00
00 00 00 00 00 00 00 00 00 00 00 00 01 01 01 01 01 02 02 02 01 01 01 01 01 01 01 01 02 02 02 02 02 00 00 01 02 01 01 00 01 01 01 01 01 01 01 01 01 01 01 01 01 00 00 00 00 00 00 00 00 00 00 00
00 00 00 00 00 00 00 00 00 00 00 00 00 00 00 00 00 00 00 13 04 02 01 00 00 00 00 00 00 00 00 00 15 12 14 13 00 00 00 00 00 00 01 02 02 01 01 01 01 00 00 00 01 01 01 01 01 01 00 00 00 00 00 00
00 00 00 00 00 00 00 00 00 00 00 00 13 04 04 15 00 00 00 01 01 01 01 01 01 01 01 01 13 00 01 01 02 01 01 01 02 13 13 13 00 00 00 00 00 13 02 02 02 02 01 01 01 01 13 14 14 01 01 01 01 01 01 01
01 00 00 00 00 00 00 00 01 02 01 01 01 01 01 01 02 01 01 02 01 01 01 01 01 01 01 01 01 01 01 01 01 01 01 01 01 01 01 01 01 01 15 15 15 15 15 15 12 13 00 01 01 01 01 01 00 00 00 00 00 00 00 00
00 00 00 00 00 00 00 00 00 00 00 00 00 00 00 00 00 00 00 00 00 01 01 01 02 01 01 01 01 02 02 01 01 01 00 00 13 01 01 00 00 01 01 01 01 13 07 03 01 01 01 01 01 00 00 00 00 00 00 00 00 00 00 00
00 00 00 00 00 00 00 00 00 00 00 00 00 00 00 00 15 15 14 00 00 00 00 00 00 00 00 00 00 00 00 00 00 00 13 00 00 00 01 01 01 01 01 01 00 01 01 02 02 00 00 01 01 01 09 00 00 00 00 00 00 00 00 00
00 00 00 00 00 00 00 00 00 01 01 00 00 00 00 00 00 00 00 01 01 13 13 00 00 00 00 00 00 01 01 01 01 01 01 01 01 01 01 01 01 01 01 01 01 01 01 01 01 01 01 00 00 00 00 00 00 00 00 00 00 00 00 00
00 00 00 00 00 00 00 00 00 00 00 02 02 07 07 00 00 00 00 00 01 01 01 01 01 02 01 01 01 01 01 00 01 01 01 01 01 01 01 01 01 01 01 01 01 01 01 00 00 00 00 01 01 01 01 00 00 00 00 00 00 00 00 00
00 00 00 00 00 00 00 00 00 00 00 00 01 01 01 01 01 00 00 00 00 00 00 00 00 00 00 01 01 01 01 01 01 01 01 01 01 01 01 01 01 01 01 01 01 01 01 01 01 05 05 04 04 00 00 00 00 00 00 00 00 00 00 00
00 00 00 00 00 00 00 00 00 00 00 00 00 00 01 01 01 02 15 09 12 12 12 12 12 00 00 00 00 00 00 00 00 00 00 00 00 00 00 00 00 00 00 00 00 00 12 00 15 15 12 12 14 00 00 00 00 00 00 00 00 00 00 00
00 00 00 00 00 00 00 00 00 00 00 00 00 00 00 00 00 00 00 00 00 00 00 00 00 00 00 00 00 00 00 00 00 00 00 00 00 00 00 00 00 00 00 00 00 00 00 00 00 00 00 00 00 00 00 00 00 00 00 00 00 00 00 00
00 00 00 00 00 00 00 00 00 13 00 00 00 00 00 00 00 00 00 00 00 01 05 09 01 01 01 01 01 00 00 00 00 00 00 00 00 00 01 01 01 01 00 00 15 15 15 12 12 14 00 00 00 00 00 00 00 00 00 00 00 00 00 00
00 00 00 00 00 00 00 00 00 00 00 00 13 00 00 00 00 00 00 00 00 15 00 00 00 00 00 00 00 00 00 00 00 00 00 00 00 00 01 01 01 01 09 10 10 12 14 14 14 15 15 15 08 10 15 15 15 15 14 12 12 00 00 00
00 00 00 00 00 00 00 00 15 15 15 15 14 15 15 15 15 15 15 14 00 00 00 00 00 00 00 00 13 00 00 00 00 00 00 00 00 00 00 00 00 00 00 00 00 00 00 00 00 00 00 00 00 00 00 00 00 00 00 00 00 00 00 00
00 00 00 00 00 00 00 00 00 15 15 15 15 15 00 00 00 00 00 00 00 00 00 00 00 00 00 00 00 00 00 00 00 00 00 02 02 02 01 01 01 01 01 01 01 13 15 00 00 00 00 00 00 00 00 00 00 00 00 00 00 00 00 00
00 00 00 00 00 00 00 00 00 00 00 00 00 00 00 00 00 00 00 00 00 00 00 01 01 01 01 01 01 01 01 01 01 01 01 01 01 01 01 01 01 01 01 01 01 01 00 00 00 00 00 00 00 00 00 00 00 00 00 00 00 00 00 00
00 00 00 00 00 00 00 00 00 00 00 00 00 00 00 00 00 00 00 00 00 00 00 00 00 00 00 00 00 00 00 00 00 00 00 00 00 00 00 00 00 01 01 01 01 01 00 00 00 00 00 00 00 00 00 00 00 00 00 00 00 00 00 00
00 00 00 00 00 00 00 00 00 00 00 00 00 00 00 00 00 00 00 00 00 00 00 00 00 00 00 00 00 00 00 00 00 00 00 00 00 00 00 00 00 00 00 00 01 01 01 01 01 01 01 01 01 01 00 00 00 00 00 00 00 00 00 00
00 00 00 00 00 00 00 00 00 00 00 00 00 00 00 00 00 13 00 00 00 00 00 00 00 00 00 00 00 00 01 01 01 01 02 00 00 00 00 00 00 00 00 00 00 00 00 01 01 01 01 01 15 15 14 14 15 15 15 15 15 15 15 15
15 10 00 00 00 01 01 01 01 01 01 01 00 00 00 00 00 00 00 00 00 00 00 00 00 00 00 00 00 00 00 00 00 00 00 00 00 00 00 00 00 00 00 00 00 00 00 00 00 00 00 00 00 00 00 00 00 00 00 00 00 00 00 00
00 00 00 00 00 00 00 00 00 00 00 00 00 00 00 00 00 00 00 00 00 00 00 00 00 00 00 00 00 00 00 00 00 00 00 00 00 00 00 00 01 01 01 01 01 01 01 01 01 01 01 01 01 01 01 01 01 01 01 00 00 00 00 00
00 00 00 00 00 00 00 00 00 00 00 00 00 00 11 00 00 13 00 00 00 00 00 00 00 00 00 00 00 00 15 15 14 00 00 00 00 00 00 00 00 00 00 00 00 00 00 00 00 00 00 00 00 00 00 00 00 00 00 00 00 00 00 00
00 00 00 00 00 00 00 00 00 00 00 00 00 00 00 00 00 00 00 00 00 00 00 00 00 00 00 00 00 00 00 00 00 00 00 00 00 00 00 00 00 00 00 00 00 00 00 00 00 00 00 00 00 00 00 00 00 00 00 00 00 00 00 00
00 00 00 00 00 00 00 00 00 00 00 00 00 00 00 00 00 00 00 00 00 00 00 00 00 00 00 00 00 00 00 00 00 00 00 00 00 00 00 00 00 00 00 00 00 00 00 00 00 00 00 00 00 00 00 00 00 00 00 00 00 00 00 00
00 00 00 00 00 00 00 00 00 00 00 00 00 00 00 00 00 00 00 00 00 00 00 00 00 00 00 00 00 00 00 00 00 00 00 00 00 00 00 00 00 00 00 00 00 00 00 00 00 00 00 00 00 00 00 00 00 00 00 00 00 00 00 00
00 00 00 00 00 00 00 00 00 00 00 00 00 00 00 00 00 00 00 00 00 00 00 00 00 01 01 02 01 01 01 01 00 00 00 00 00 00 00 00 00 00 00 00 00 00 00 00 00 00 00 00 00 00 00 00 00 00 00 00 00 00 00 00

[ascii image]
                                                                
                                                                
                                                                
                                                                
                                                                
                  _\\\\\\\\\_\\\\\                              
\                           \\\\\              |                
           \\\\\\\\\\\    ///                                   
                             \/                                 
       \\\//\\\\\\\_\\\\\\\\\/\\\\\\\/                          
                          \//        \\\                        
                              \\\\//                  __        
         |                                                |     
              |      ....         \\\\\\\                       
         \             ,      \\\\  |        |                  
            \////\\\/_/_//\\                                    
            _   \\\\........... |                       \       
        \__/       ,                |    |' d/\//_/             
      | /\/.,,.      ||               | _\____   \\\...         
       |`\\\\\\\\\\\\\\\\__//\\\/               |               
     |\_   \\___/\        .| ,             /                    
         .    .......,,..,,.......                              
     \\\\\\              .. \\\\\\ .                            
     .\\      ...........,,,.  |                                
         |            ..\/\\\\\\\_\       .,`                   
      ,,,,...,``.    ..`,....| |   |..,.           |            
      |,,.      .,,,`,,...:|  \\\_       ....../      \/        
           .    .......        .      |               .\\\_     
    |     ......       ..      \\\\\\\\_/\_                     
      ,,,,                .....|         |                      
         ,.,, ,,,,    \\_     ..       .   ...  __       .....  
          .............    \\\\\\\\\\\\\___  \                  
     ,...        ....,` \_   |..  \\\  \_                       
           .. |      ...,..,. ......|  `',,,...|                
        \\    ....,.....,,.....,,,.      _                      
      \\    \\\ ,,,,,        \,        ;'||      |              
       ..., <\\\/____,                           ,............  
        |       ||/\_....... \  .....\\\/.                      
            .....,,,........,,,,,  .,.. .............           
                   |',.         \_/|      .,,....   ......      
            |''\   .........| ..,...,|||     |,,,,....|//.......
.       .,......,..,......................\\\\\\_| .....        
                     ...,....,,...  |..  ....|<`.....           
                \\/               |   ...... ..,,  ...*         
         ..        ..||      ......................             
           ,,<<     .....,..... ...............    ....         
            .....          ......................::''           
              ...,\*_____                     _ \\__/           
                                                                
         |           .:*.....         ....  \\\__/              
            |        \                ....*dd_///\\\jd\\\\/__   
        \\\\/\\\\\\/        |                                   
         \\\\\                     ,,,.......|\                 
                       .......................                  
                                         .....                  
                                            ..........          
                 |            ....,            .....\\//\\\\\\\\
\d   .......                                                    
                                        ...................     
              #  |            \\/                               
                                                                
                                                                
                                                                
                         ..,....                                
